105
Ep_XP_020906172.1        0.0000000 4.1446256 3.9161642 2.8467013 3.3960181 2.3248299 4.3501560 3.0566893 3.3525061 2.9657291 3.0367452 2.9898649 3.5756205 3.4518986 3.3416936 3.6393811 2.9543911 2.8529314 2.7549108 2.6864646 2.5142263 2.5225592 2.5764622 2.1180463 2.5495521 2.5767677 4.0679779 6.3751074 3.9134265 4.3659974 3.6376057 2.7203835 2.6905501 2.4174517 2.5841150 2.3431082 2.6342111 3.1711594 3.8757472 3.2173238 3.0575398 3.2329482 3.6569766 4.2772391 4.2775500 5.1709537 5.4370425 5.6053742 5.5832689 4.9833127 4.0803960 3.1764576 8.9999982 4.6745491 5.9754971 9.0000000 3.4827470 3.8930564 2.7773914 2.6245612 3.1296073 3.0719696 3.3390549 3.1870656 4.2001519 4.1978985 5.2331396 5.0629366 5.5910690 4.1618477 4.8083399 5.3808248 4.2152147 4.1741291 5.0148220 5.0236702 4.7396930 4.2930283 4.7846644 4.4289694 5.2232145 3.0080367 4.3208943 5.3165067 4.8634449 4.0207621 3.7789076 5.3613340 2.8587791 4.5628954 4.3360037 4.7957770 4.2509656 4.6494629 4.6087187 4.8569106 5.0903337 5.5383934 4.4780758 4.9516357 3.6256237 6.7017071 4.6445999 3.9296390 4.8233458 
Bf_XP_002612627.1        4.1446256 0.0000000 9.0000000 3.0442945 2.6869399 2.6617088 4.1565949 3.2724411 1.7551918 3.0866042 3.0057435 3.3812723 9.0000000 3.4093148 3.6941846 3.3773408 2.2465214 2.7864756 3.0323480 3.0189282 2.7722435 3.0293807 3.2249156 3.2249156 3.2705044 3.0982744 6.2272284 4.1879358 2.4653770 3.7387398 3.9686644 3.2304086 3.0836712 3.5689783 3.0578336 3.3088456 3.4366318 3.1081470 2.5120832 3.5236796 3.3764230 2.1349322 4.2271418 3.5945341 3.5725072 3.7966757 4.3035817 4.5749888 4.3008259 4.7582546 4.4805052 4.4438523 9.0000000 4.5189363 8.9999986 9.0000000 4.1496354 4.5629833 3.2495882 3.2735621 3.2725514 3.0222089 2.8660390 2.6021828 5.0484009 9.0000000 4.4006244 3.6476343 5.3725652 5.4095970 5.1274404 5.5892590 4.6254583 4.3371004 4.2012716 4.6346381 4.4045098 3.8931418 4.6916765 4.4594201 4.3315718 3.9729619 4.8743764 5.7429349 4.7745611 3.9153565 3.9274343 5.7153776 3.1077579 4.3340098 4.3746511 4.5616780 5.7544790 5.4023990 5.1008637 4.7621078 4.8419681 5.0816136 6.1370078 5.7564522 5.0402984 4.9009037 5.8729733 5.6135025 4.4486686 
c_hem_XLOC_042173        3.9161642 9.0000000 0.0000000 1.4817549 1.4046362 9.0000000 4.8689432 4.0651019 3.6540742 3.6308737 4.0598215 4.3666643 3.5471599 3.1450640 3.4525224 4.0672002 4.4797743 5.3787196 3.9955182 3.2978056 2.7432829 2.7414013 2.9452654 3.3367454 2.9314948 2.9658033 4.5369733 5.8823265 4.5665268 4.3007177 4.9355817 2.5487826 2.8285199 4.4364345 3.1918601 2.7888015 2.5844493 3.6475724 4.9201813 4.0251373 5.1480705 9.0000000 3.8003450 4.7362238 4.8867822 4.8525437 6.1571244 6.4383837 7.1325332 5.4770931 4.2569228 9.0000000 5.8589968 5.3170952 5.4821778 4.8151625 4.8072073 3.8463171 2.4694772 2.3728808 4.0073655 3.3580715 3.5962918 9.0000000 4.1283839 4.9114375 7.3994086 5.1738767 6.2112866 5.1709306 5.2158144 5.3336719 4.3919656 4.8598167 5.4592783 5.5049138 5.4624200 4.5327977 5.2065272 4.6788867 5.0384105 9.0000000 4.7418202 5.0947730 4.2278197 4.1222718 6.6156399 4.9072410 9.0000000 5.0662446 4.5798718 5.2793031 8.9999988 7.2826783 6.5493706 7.1753933 6.1517387 5.6244393 6.6861054 9.0000000 3.3486806 5.6890283 6.4282492 8.9999988 6.9133243 
a_aur_scaffold182.g31.t1 2.8467013 3.0442945 1.4817549 0.0000000 1.2113485 1.2746766 3.5370645 2.9002891 3.2665718 2.7840199 2.9931361 2.9422836 2.8562481 2.5290571 2.8195023 3.7339391 3.3879018 3.5371680 3.3609390 2.5950266 2.3239803 2.2227570 2.2635390 1.7518579 2.4013913 2.3351962 4.6883903 4.8286108 3.2062946 4.2846445 3.9970067 2.3043974 2.5700908 3.6193817 2.6179131 2.4306322 2.6903955 3.2892368 3.4396976 3.3949602 4.0454855 2.3802241 4.0601588 4.3659114 4.0946665 4.7937562 5.1982242 5.5928909 5.2382021 5.1585185 3.5041866 3.5800181 6.5606439 4.8173272 5.4944060 6.1968258 3.5891766 3.6587307 2.1648960 2.3210260 3.2761021 3.1543541 3.3561617 2.6086507 4.0467823 3.7009962 5.5915715 4.9998686 4.7180954 5.6207728 4.4465590 4.6579260 4.7907163 4.6122736 4.8655845 5.3539457 4.5979276 4.0098735 4.6760553 4.3784265 4.5995689 3.3460142 4.2957963 5.4616338 4.2475257 3.8717998 2.9437602 4.9498616 3.4545651 4.5869716 4.7518589 4.8310004 6.1062311 5.9504766 5.8592748 5.3254566 5.8243948 5.2403170 5.6318717 4.9514135 3.9227761 5.1860935 5.6396580 5.5059409 5.6446092 
m_vir_scaffold247.g15.t1 3.3960181 2.6869399 1.4046362 1.2113485 0.0000000 1.2268025 3.3763510 3.0160282 3.1527949 2.9017537 2.8993836 3.1191456 2.9469042 2.8603894 2.8777729 3.7026773 3.3470867 3.5055820 2.9505908 2.5705186 2.4503129 2.5430913 2.4029435 2.0603215 2.5504872 2.5191017 4.2994098 5.4152345 3.6489166 3.6265200 3.8269033 2.6423511 2.4897763 3.4753400 2.3790751 2.2631500 2.4659412 3.5719289 3.3729099 3.7679890 3.9602335 3.8884084 3.8397847 4.0891630 3.7056570 4.9428936 5.1916199 5.2514663 5.6610042 5.2850004 4.0519295 4.8794596 6.3042674 5.3197710 6.0194346 5.7192019 3.8232058 3.2365583 1.9493672 2.1926375 3.1189763 2.9750874 2.8407687 2.7314645 4.7202323 3.8621168 5.2740069 4.7550972 4.5883760 5.9984648 4.3275285 4.5294653 4.2194896 4.5743072 5.0206366 4.7260125 4.2728835 3.9573094 4.5847741 4.6069054 4.4015041 3.3540043 3.8924966 4.8276527 4.3526059 4.2027649 3.2343070 4.5112885 3.1188796 4.9410625 4.6207433 4.9098829 5.8617914 5.8526926 5.7398467 5.6498728 5.4012111 5.2683881 6.0597024 6.0330106 3.8682959 5.3991650 5.6682893 6.5279562 5.3604443 
Hv_828208111             2.3248299 2.6617088 9.0000000 1.2746766 1.2268025 0.0000000 3.3803507 2.0485375 2.0536085 2.2181186 2.1479304 2.0017313 9.0000000 2.4953482 2.5753983 2.4969463 2.3492052 2.3131156 2.0346252 2.7211050 2.1492662 2.1256789 2.0858669 2.0858669 2.1130464 2.1362282 3.5182227 4.4269492 2.3446065 3.6899162 2.9092180 2.5450127 2.3783652 3.0587617 2.2125042 2.2725500 2.7527137 2.5708974 3.0992977 2.7742069 2.6453381 2.6013289 3.3039589 3.6221434 3.0918511 3.1343464 3.7727426 3.5531981 3.9500324 4.2122892 3.5255789 3.7028957 9.0000000 3.8458367 8.9999984 9.0000000 2.7270497 2.6337625 1.9892131 2.2082015 3.0842763 2.3948469 2.3802776 2.8114172 2.7121567 9.0000000 4.5300895 3.2337295 4.2509631 5.2864955 4.3674941 4.1425336 3.4692728 3.1322482 3.1595218 3.2829393 3.3531655 2.4692971 3.2571290 3.7249666 3.2309161 2.6620185 4.5178778 3.3621491 3.4126526 2.8216589 2.9766447 3.7624311 2.1314394 3.5061893 3.1867832 3.6323660 4.1102825 4.6236289 4.8422458 3.6281741 5.1459637 4.2711544 4.7784361 4.6731679 3.3713708 3.7066228 4.7416599 5.2850825 2.8767295 
m_vir_scaffold64.g63.t1  4.3501560 4.1565949 4.8689432 3.5370645 3.3763510 3.3803507 0.0000000 3.7514007 3.8170950 3.4507557 3.6845774 3.6019380 4.6241896 3.8463300 3.7615301 5.4007869 3.7677691 3.1146456 3.0736018 3.8466685 3.5314770 3.4246895 3.3729661 3.0368302 3.4173219 3.4525234 5.9743254 6.3325808 3.8605374 5.5557426 4.5989903 3.8994808 3.4006178 4.4470574 3.1545886 2.8106071 3.0838558 3.8337888 4.5008992 3.8331066 4.0133752 2.8394637 4.3482250 5.0794020 5.1663725 5.7560739 5.8356582 5.6237543 6.1081593 6.2987685 5.4950920 4.1891059 6.2964031 5.7562045 5.9165587 5.7915827 5.7777576 5.6687100 3.0206934 3.2064031 4.7350320 3.4211716 3.6617878 3.8219162 7.3743992 5.7157249 5.5164589 6.8490198 6.3805669 6.8877556 5.5664421 5.0962919 5.6038957 5.5372509 5.6284779 6.3595522 5.0357979 5.4173192 5.7694316 5.4291336 5.1446167 3.2513112 5.7012874 5.9801628 5.3891448 4.5032909 3.4882165 5.8834711 3.3557140 5.8119694 5.2218775 5.1520274 7.2060848 6.6755108 6.0936093 6.0527542 6.6896523 6.5050455 6.1947801 6.6450886 5.9362728 5.8072779 5.7149046 7.3623718 6.6214974 
Aq_XP_011405404.1        3.0566893 3.2724411 4.0651019 2.9002891 3.0160282 2.0485375 3.7514007 0.0000000 0.9101620 0.8884463 0.7852906 0.8953531 0.7486103 1.7474492 1.3077909 1.5000705 3.3507744 2.6787995 2.5548054 2.6585967 2.1760715 2.2025084 2.2210946 1.9816851 2.2220658 2.1610164 3.3924847 4.8917523 2.9007998 3.2945604 2.9667903 2.9697333 2.6774095 3.1282353 2.3467951 2.2887271 2.6085556 2.8830834 3.4511612 3.1704216 3.4977367 2.5602926 2.9653344 3.0320933 3.0409463 5.3330135 5.2616886 5.3028386 5.7873499 4.7633195 4.2315318 3.7287884 4.8931969 4.6909607 5.6018783 5.6100777 3.1043136 2.8445401 2.1962081 2.4163902 2.5974790 2.3946911 2.3125146 2.7296809 5.5419913 3.8114343 5.4110545 5.1272595 4.3968663 5.1441704 5.2674563 4.8167908 4.3624416 4.4458355 4.8888938 4.9941232 4.4041295 3.8551927 4.3512955 4.6057844 4.2961468 2.3247789 3.9302053 4.6767339 5.0588995 3.6304103 2.7583399 4.7702332 3.4936975 4.6834715 4.5447696 5.0750222 5.6036694 5.3171242 5.5121355 5.5639209 5.6428173 5.8068924 5.9006842 5.0074368 4.3512561 5.2683533 5.0842358 6.4461649 5.3574139 
Aq_XP_011408782.2        3.3525061 1.7551918 3.6540742 3.2665718 3.1527949 2.0536085 3.8170950 0.9101620 0.0000000 0.0571883 0.9145404 0.9121867 0.7574556 2.0252893 1.7515053 2.0568277 3.1857571 3.0159597 2.7234429 2.5144414 2.1925823 2.1317783 2.2065719 1.8022095 2.2589979 2.2042036 4.0414525 5.8554369 3.2872681 3.7621083 3.4286468 2.9774478 2.8824170 3.1864566 2.4213311 2.2820896 2.3623835 2.3470901 3.6051121 2.9733653 3.1380405 4.3819728 2.9414871 2.9773764 3.1969446 5.3817122 6.0917890 5.1408411 5.9167109 5.1762568 4.3315143 4.5761208 4.9991437 4.8110394 5.3691084 4.9318958 3.4691370 2.9332247 2.2099601 2.5640517 2.1435873 2.1109499 2.0105083 1.4593414 4.4499557 3.8626279 5.4900687 5.6671684 4.8314009 5.2703163 5.3682990 5.3612319 4.5818673 5.0288625 6.2286275 5.9499685 5.1186647 5.1041760 4.9393111 5.1118280 5.0290283 2.6143401 4.0812823 5.2335984 5.6805509 4.7275117 3.7324193 5.1876098 2.8250681 5.1839882 5.1927296 5.2866398 6.1668106 5.7285638 5.7439904 6.7074903 5.9333117 6.4160496 6.5158724 8.9999988 6.6711494 5.3457717 5.3196598 6.4611490 5.8932967 
Aq_XP_019854868.1        2.9657291 3.0866042 3.6308737 2.7840199 2.9017537 2.2181186 3.4507557 0.8884463 0.0571883 0.0000000 0.9528492 0.9743876 0.7043116 1.6630951 1.6262866 2.1028853 3.0015495 2.7053234 2.4053147 2.2830335 2.0324757 2.0053066 2.1748212 1.8890365 2.2033151 2.1546317 3.9867798 5.1655666 2.9673383 3.4232521 3.2967508 2.7852633 2.5523008 3.2039580 2.2608768 2.2046421 2.3785599 2.4067478 3.2507557 2.8812272 3.0606501 2.4002894 2.9906254 3.0444105 3.2482203 4.7814465 5.2354704 4.8324323 5.5511106 4.5522133 3.8994147 3.4251688 5.1637033 4.4206849 5.6588965 5.2248172 3.3380240 2.8718388 2.1771405 2.4587053 2.6103947 2.0480727 2.0688004 2.5093250 4.2891427 3.6534510 5.0239664 5.1631074 4.2087578 5.3425299 5.1442106 4.9959012 4.1453289 4.2708277 5.3252988 5.1541278 4.6514825 4.2731219 4.6834709 4.7183395 4.3814956 2.1289804 4.4713087 4.8713034 4.9508719 4.0369869 2.9247142 5.1166777 2.8691108 4.7522761 4.7328700 4.6417640 6.2123279 5.4533692 5.6493966 6.3257528 5.7837879 5.8141214 6.0684613 4.9148559 4.7824247 5.3166520 5.0792698 5.0707079 5.0276528 
Aq_XP_003387386.1        3.0367452 3.0057435 4.0598215 2.9931361 2.8993836 2.1479304 3.6845774 0.7852906 0.9145404 0.9528492 0.0000000 0.5789195 0.4403567 1.8286092 1.3500344 1.5662691 2.9716043 2.5921086 2.4334520 2.2990357 2.0504787 2.0107436 2.1981151 1.6352122 2.1762480 2.0926342 3.7349075 4.7084696 2.8361242 3.3198028 2.9045111 2.9515020 2.7805013 3.1000932 2.5841361 2.3078654 2.4425831 2.3872334 3.2931273 2.8862820 3.7671896 2.6209268 2.7233195 2.8905282 2.9360615 4.8881186 4.5160237 4.8414439 4.9448515 4.4159911 3.6656187 3.1761433 5.0023212 4.2519150 5.1536833 4.7289556 2.8145135 2.7167616 2.1824387 2.3644341 2.4950171 2.3052116 2.0906675 2.1841046 4.2393971 3.4290463 4.8068479 4.7214797 4.3348799 5.1113206 4.9754628 4.6569064 4.4032709 4.5624227 4.9009167 5.0035693 4.8745381 3.9311160 4.5225535 4.7392198 4.4025762 1.8025817 3.6968479 4.7654679 5.1130088 3.5963363 3.2673955 4.7694574 2.4737643 4.2585877 4.4658314 4.6750128 4.8934286 5.4431729 5.4006454 5.3405862 5.3122923 5.6369860 5.5623223 4.7137989 4.5215526 5.7524403 5.3824685 6.1762539 5.2455376 
Aq_XP_011404609.2        2.9898649 3.3812723 4.3666643 2.9422836 3.1191456 2.0017313 3.6019380 0.8953531 0.9121867 0.9743876 0.5789195 0.0000000 0.0567053 1.5865993 1.1906489 1.5143283 3.2542141 2.6023051 2.7086094 2.7824539 2.0956982 2.0913098 2.1952274 1.6857817 2.2200200 2.0804866 3.7620932 5.1048142 3.1432429 3.3206970 2.8387102 2.9160809 2.8239833 2.9657385 2.5458978 2.3599919 2.5997218 2.7071085 3.4180889 3.0558338 3.7218353 2.6636797 2.6462055 2.9976754 2.9990711 5.4384535 5.3458720 4.8735270 5.3172233 4.6404544 3.9750476 3.0259550 5.8450401 4.5611836 5.8196307 7.0063935 3.2367122 2.6603536 2.2279293 2.3736102 2.6358915 2.3170536 2.0188884 2.4746437 5.4079083 3.8766317 6.1202442 4.7904016 4.0150489 5.7147257 4.7130902 5.0175875 4.3369450 4.3579438 5.0754455 5.0924710 5.0253169 4.2528827 4.4359551 4.7064885 4.2737664 2.0766149 3.8064582 4.5856046 5.3344813 3.5846798 2.9860404 5.0450665 2.5354665 4.2701235 4.2864388 4.6711734 5.2373021 5.0668490 5.5753809 5.5099801 5.4348269 5.9734826 5.8487407 5.2185770 4.9193151 4.9906312 5.4398567 5.3127963 4.9128765 
Aq_XP_019863993.1        3.5756205 9.0000000 3.5471599 2.8562481 2.9469042 9.0000000 4.6241896 0.7486103 0.7574556 0.7043116 0.4403567 0.0567053 0.0000000 1.9419108 1.5114924 2.2722406 2.1561811 2.2099761 2.3301097 2.5363651 2.1789546 1.9704910 2.3126461 1.8533986 2.3538792 2.0943253 3.4783493 5.4700981 3.2137171 3.5421666 2.3748196 2.8159745 2.5891594 2.1287450 2.0990188 2.0086538 2.1583503 2.2851616 3.9471750 2.4462312 3.3471805 5.2068241 2.5127091 2.6219820 2.3110366 8.2431521 6.8189987 6.1608500 7.7987342 5.2252667 4.3507726 9.0000000 8.0569747 5.6371845 6.2736929 9.0000000 3.2459868 2.4718967 2.3282754 1.9357517 2.3366299 2.0747694 1.9931994 2.0025393 8.9999980 3.5031419 6.9529985 5.0380311 5.1214977 5.0810711 3.9882477 4.9349616 3.4488695 4.2640264 4.7602906 5.2795994 5.0315732 4.6878121 4.2453659 4.5835221 4.7244434 7.6271059 3.0945383 4.7779527 4.8756200 3.5920165 1.8159001 4.1128119 3.5767724 4.4004533 4.6139865 4.2824464 5.5883457 4.5049059 4.3327135 4.7178480 5.0170262 5.3379989 4.1061519 9.0000000 3.1736713 5.2242949 3.9039563 9.0000000 4.1026890 
Aq_XP_019857269.1        3.4518986 3.4093148 3.1450640 2.5290571 2.8603894 2.4953482 3.8463300 1.7474492 2.0252893 1.6630951 1.8286092 1.5865993 1.9419108 0.0000000 1.0179392 1.7001521 2.9547710 2.9371675 2.8108231 2.5785467 2.1365824 2.0961638 2.1525205 1.9360198 2.2826631 2.2144958 3.7481593 5.0447382 3.1722876 3.3133611 2.9873201 2.5546559 2.5459813 3.1281659 2.3336287 2.3898102 2.7411585 2.8044762 3.5325971 2.6601146 3.2353115 2.4736658 3.1323327 3.7215802 3.1946463 4.3207892 4.3774719 4.1477497 4.6536160 4.4468773 3.8426052 4.2314586 8.9999980 4.1433175 5.1109507 9.0000000 3.6344993 3.3410149 2.3299623 2.5503189 3.0717118 2.8575843 2.8685299 2.1227337 7.0271541 4.0032239 5.4124052 3.6981650 3.7098191 5.4834720 4.5820079 4.3201961 4.1441992 3.8896203 4.6453460 4.7953034 4.5415848 4.0201841 4.2909515 3.9480340 3.9576545 2.7925236 3.8889248 4.3733511 4.2954453 3.7934682 3.0589044 4.7928818 3.4296829 3.8449824 4.2260288 4.0719166 4.8499345 4.5850876 4.3528168 4.6262668 4.3213774 4.4554615 5.1188327 4.5608489 4.0833245 4.7949685 4.6373237 4.4358902 4.1608578 
Aq_XP_019854835.1        3.3416936 3.6941846 3.4525224 2.8195023 2.8777729 2.5753983 3.7615301 1.3077909 1.7515053 1.6262866 1.3500344 1.1906489 1.5114924 1.0179392 0.0000000 0.3099121 3.5378796 3.2655407 3.0872193 2.8666896 2.1843525 2.2579829 2.3930747 2.2111432 2.3343084 2.3547847 3.7105830 5.2827960 3.2851448 3.4167733 3.0003432 2.8652773 2.6605217 3.2277804 2.5928006 2.3857016 2.6236559 3.0452929 3.3046795 3.0330988 3.6249532 2.9217321 3.1346132 3.5000391 3.2709166 5.3822108 5.3573867 5.1854950 5.7320277 4.9012068 4.2692239 3.7847045 4.9233052 4.5078218 5.0432283 3.9527707 3.1257552 2.9388630 2.3489184 2.4477816 2.9452890 2.6673488 2.6030489 2.7267557 4.7926432 3.4495328 5.6314265 3.9015929 3.7927378 5.0041857 4.8291906 4.9324877 4.8375770 4.5743284 5.5583931 5.3360385 4.9502085 4.0387088 4.8462274 4.4250259 4.5766990 2.3042507 3.6826998 4.5163034 4.4959447 4.3182472 3.1223601 5.5608399 3.8660437 3.8964955 4.6946617 5.3231682 5.4608056 5.9199812 6.0700403 5.7421870 5.2555895 5.7600851 5.6501973 5.3307582 5.6916456 5.4421350 5.1764608 4.7806191 4.7542743 
Aq_XP_019857266.1        3.6393811 3.3773408 4.0672002 3.7339391 3.7026773 2.4969463 5.4007869 1.5000705 2.0568277 2.1028853 1.5662691 1.5143283 2.2722406 1.7001521 0.3099121 0.0000000 4.5837578 4.4456569 3.5864704 3.1528727 3.1402810 2.8443068 3.0042686 3.3125014 2.9353162 3.1192324 4.6319534 8.5410872 3.5851359 5.0790795 4.3995688 3.9414012 3.7903455 4.0720196 3.2751326 3.0544836 3.1333794 3.7357047 4.0652934 4.2147806 4.2171042 1.9101334 4.4254134 4.1339975 4.1150214 5.9508966 5.6427905 6.8464396 6.0451623 5.9414447 4.5830843 3.0958179 4.8231906 4.9620948 5.0763069 4.0490945 3.7153683 3.6774816 2.4065810 3.0680143 3.7516253 3.5572830 3.2383783 1.3611043 4.8528486 4.7052511 6.8762478 6.3279188 6.1689370 7.2097134 4.9057759 5.5604157 5.7431485 5.8772330 7.1714383 7.1959515 4.8388282 4.8754377 4.7009245 5.4265813 5.4328817 2.7121332 4.3795912 4.7960138 4.5654271 5.9221478 2.9828097 6.8203571 9.0000000 4.3625311 5.2826214 6.4862810 7.8684265 7.6535560 7.9457831 8.9999982 6.6077956 8.2104430 7.5830439 2.5205130 2.2948435 7.4807521 7.5368435 6.4487624 8.2348249 
c_hem_XLOC_013173        2.9543911 2.2465214 4.4797743 3.3879018 3.3470867 2.3492052 3.7677691 3.3507744 3.1857571 3.0015495 2.9716043 3.2542141 2.1561811 2.9547710 3.5378796 4.5837578 0.0000000 1.5826018 1.4051983 2.1439378 3.0038051 3.0184519 2.9617963 1.8464175 2.9507705 2.9313821 5.3157360 4.8486978 3.4314249 5.0330817 4.4088486 3.2309002 3.0336717 3.7762005 3.7021409 3.3122121 3.1926079 3.7260310 3.8855008 3.9824443 3.9853133 2.5778077 3.8722040 4.2738718 4.4964094 5.6998004 5.8175388 6.7012581 6.0765750 6.2389196 4.8711323 4.2156106 8.6549836 6.2027229 7.9945351 8.9999987 4.0553944 3.2395972 2.0192565 2.7135050 2.6957008 3.2968031 3.1436660 2.5651865 7.3113825 5.0544519 5.2063509 5.6202259 4.1422460 6.4226901 5.9209369 5.4759182 5.4235200 5.2770634 5.4981400 5.5892765 5.5655892 4.6664881 5.5736214 5.5376630 4.9332222 2.6779920 4.0216082 5.5902177 5.4040851 3.7809573 3.3864786 5.4223853 2.6914991 5.1249518 4.9113236 5.4288293 5.1631022 5.9933348 6.1951795 6.1218556 6.4085090 6.0727924 6.2469150 6.7367000 4.0730981 5.6447791 5.4655778 5.8844441 4.9195273 
a_aur_scaffold81.g70.t1  2.8529314 2.7864756 5.3787196 3.5371680 3.5055820 2.3131156 3.1146456 2.6787995 3.0159597 2.7053234 2.5921086 2.6023051 2.2099761 2.9371675 3.2655407 4.4456569 1.5826018 0.0000000 1.0190718 2.1691410 2.1316570 2.2505660 2.2633613 1.4650182 2.2954467 2.2561045 5.0405677 5.2877612 3.8750831 4.7066392 4.1123457 3.1543834 3.2588657 3.4895281 3.3195614 3.0213957 3.5194998 3.6151237 3.9109093 3.6933492 3.6323503 2.3556703 3.6312756 4.2423777 4.3662139 5.8434964 5.8222461 5.8090097 6.3465844 6.1310603 4.8083988 3.5691370 7.9483877 5.7486519 7.4322609 8.9999982 3.9068743 3.3963763 1.8900658 2.6642622 2.8093021 3.0866878 2.9817589 2.3919885 7.0990175 4.8634612 6.2812147 5.0424387 4.4225595 6.3002309 4.9346886 5.6444490 4.5916551 4.6872605 5.1080950 5.1578597 5.3333305 4.5544237 5.2667758 4.8061473 4.6926683 2.1913662 3.8359592 4.8608335 5.0422343 3.5435883 3.7002400 4.8870715 2.9000871 4.6893188 4.4858576 4.7188860 6.0478745 5.3296514 5.5674965 6.1896380 6.0695911 5.9548124 5.5891149 5.9967538 4.1525376 5.7395238 5.5358255 6.0627344 4.9845049 
m_vir_scaffold359.g9.t1  2.7549108 3.0323480 3.9955182 3.3609390 2.9505908 2.0346252 3.0736018 2.5548054 2.7234429 2.4053147 2.4334520 2.7086094 2.3301097 2.8108231 3.0872193 3.5864704 1.4051983 1.0190718 0.0000000 2.1912994 1.9906221 2.0268473 2.1040971 1.5354776 2.0110536 2.0536916 4.0520544 5.1359693 3.0750715 4.1427188 3.7256718 3.0119538 2.9311105 3.1380724 3.0171058 2.8159362 3.0565361 3.1067142 3.8654196 3.6947707 3.4681819 2.5175387 3.5577968 3.7541715 4.0907947 4.8186737 5.1807507 5.2833769 5.2258071 4.7100428 4.2828713 3.1766213 5.7584100 4.8266210 5.8047119 5.8163141 3.8593884 3.2080687 1.8073856 2.3361166 2.8523511 2.6336524 2.8982618 3.1923153 6.0097000 3.8598180 5.4687781 4.8614148 4.5882534 6.3706870 4.6215356 5.0080875 4.0844858 4.3674288 4.6407341 5.1650475 4.7270101 4.3648362 4.5594083 4.9890814 4.7264529 2.0563045 4.0219077 4.7937970 5.5756278 3.8934613 3.3601993 4.9528640 3.2360598 4.9183382 4.6427532 4.8288016 6.1336400 5.5220809 5.5135020 5.4749651 5.9315938 5.2803562 5.1692871 6.1668961 3.9543711 5.6290713 5.2919400 5.1820028 5.0435091 
d_gig_g8803.t1           2.6864646 3.0189282 3.2978056 2.5950266 2.5705186 2.7211050 3.8466685 2.6585967 2.5144414 2.2830335 2.2990357 2.7824539 2.5363651 2.5785467 2.8666896 3.1528727 2.1439378 2.1691410 2.1912994 0.0000000 1.8017035 1.8988162 1.9040499 1.8203380 1.8535422 1.8542121 3.9615632 4.6708258 2.5074370 3.7737258 3.2918288 2.3193784 2.3229947 3.2078500 2.4205259 2.4214035 2.5661146 3.0462429 3.0409537 3.2294590 3.3885527 2.5561648 3.6165346 3.4888275 3.5054559 3.7844828 4.1758154 4.4672587 4.2181755 3.8224850 3.4088525 3.3301499 5.9775731 4.2167454 4.8998384 9.0000000 3.1348803 2.9843513 2.1208878 2.0919132 2.3875838 2.5784362 2.3425257 2.7748163 5.8852478 3.3936092 4.8856953 5.0668519 5.1011674 5.4635886 4.1288994 4.4806892 3.7434527 3.8098033 4.7049777 4.3470537 4.4697733 3.6323058 3.8238457 3.8615827 3.8491889 2.9011438 3.6123885 4.9438302 4.4790252 3.1920259 3.6183176 4.3327481 2.6100433 3.7987813 3.8062182 4.0827619 5.8023698 5.0246098 4.9112782 5.0222547 4.9556786 5.0360104 4.9689745 5.7147957 4.6440359 5.2696118 5.0459468 6.1439502 3.9371190 
Nv_NVE2913               2.5142263 2.7722435 2.7432829 2.3239803 2.4503129 2.1492662 3.5314770 2.1760715 2.1925823 2.0324757 2.0504787 2.0956982 2.1789546 2.1365824 2.1843525 3.1402810 3.0038051 2.1316570 1.9906221 1.8017035 0.0000000 0.8305590 0.9573176 0.7738134 0.9118109 0.8844452 4.0722080 5.2496323 2.8484340 3.8660758 3.1592960 2.1934641 2.2768881 3.1001147 2.1609550 1.9404211 2.1478868 2.6297312 3.2901803 2.9361251 3.1579356 1.8887161 2.7241028 3.3116017 2.9885090 4.4992125 4.9498610 5.0963736 4.7636887 4.5254438 3.8771951 3.3280574 5.8595378 4.5884288 5.5593928 7.0986715 3.3464751 2.8580160 1.9343931 2.2470689 2.8302132 2.2902242 2.3542578 2.7995726 3.6808466 3.2393388 4.8346725 4.7661735 4.4722624 4.9376849 4.6498368 5.2476298 3.8608035 4.0591615 4.9761873 4.8686136 5.2552408 4.0508274 4.8017768 4.7709974 4.6164054 2.3135674 3.4894523 4.6728244 4.7063907 4.1611662 3.3801162 4.7157288 2.4413057 4.5511241 4.9638557 5.0025827 5.4478840 5.8307212 6.0093404 5.3099913 5.5980113 5.5069067 5.5483614 5.8241840 3.7995789 4.8983491 5.3026469 4.7815823 4.6903396 
Ep_XP_020899744.1        2.5225592 3.0293807 2.7414013 2.2227570 2.5430913 2.1256789 3.4246895 2.2025084 2.1317783 2.0053066 2.0107436 2.0913098 1.9704910 2.0961638 2.2579829 2.8443068 3.0184519 2.2505660 2.0268473 1.8988162 0.8305590 0.0000000 0.8089630 0.6781196 0.7793256 0.7557994 3.9552670 4.7543556 3.0440509 3.9297368 3.2419862 2.3877001 2.4575449 2.9023973 2.1190358 2.1918257 2.3013465 2.6195438 3.1506359 2.6659100 3.4570603 2.5263286 2.8235036 3.4584905 3.2693147 4.8131410 5.1483446 5.3088520 4.8407732 4.7239248 3.9001727 3.8959182 6.0044950 4.9181858 5.5221418 6.4804697 3.4014087 3.2301012 2.0022683 2.1817905 2.6744903 2.3047359 2.5874135 2.8827766 4.2014859 3.2234651 4.6038252 5.2626041 4.6538217 5.5401189 4.8687842 5.0001164 3.9789637 4.0412090 5.0894928 5.1351110 5.0622491 4.0604580 4.5731425 4.5077552 4.4080753 2.5431573 3.6380177 4.8324499 4.2625858 4.0904084 3.4843704 4.5161906 2.1427273 4.3985454 4.5104928 5.0508558 5.6136905 6.4275955 6.2048540 5.5541202 5.8818327 5.3636918 6.0143433 7.4794495 4.6339105 5.2971891 5.3154260 5.7355815 4.9370045 
Ad_XP_015773425.1        2.5764622 3.2249156 2.9452654 2.2635390 2.4029435 2.0858669 3.3729661 2.2210946 2.2065719 2.1748212 2.1981151 2.1952274 2.3126461 2.1525205 2.3930747 3.0042686 2.9617963 2.2633613 2.1040971 1.9040499 0.9573176 0.8089630 0.0000000 0.0721747 0.2317165 0.2313479 3.9219793 5.3018085 2.8657989 3.9682460 3.2819723 2.3916336 2.4234936 2.9691701 2.1631304 2.0286443 2.2411256 2.7858727 3.2584990 3.0237348 3.2683405 2.1567902 3.3285446 3.6432896 3.3368031 4.3581783 4.8318544 4.9803354 4.4940173 4.3500536 3.7175279 3.9072989 5.2253170 4.5074083 4.9010476 6.2096898 3.4360210 3.0978663 2.0420979 2.2028879 2.6015523 2.3922775 2.4759005 2.8123771 4.1714191 3.1938837 4.3716178 5.1272786 4.3314640 5.5599079 4.2709974 4.7469540 3.6259310 3.7844050 4.3561443 5.0980161 5.1300127 3.9035917 4.3979947 4.2953294 4.0864620 2.5839893 3.7570115 4.5114201 4.4286496 4.0900902 3.6925307 4.1801791 2.5741026 4.1861894 4.4572061 4.4489762 4.7247983 6.2772213 6.1371698 5.4388976 5.6682667 5.6775267 6.0906147 6.1222289 4.0665276 4.7761710 4.9686434 5.3507134 5.3514064 
Ad_XP_015779438.1        2.1180463 3.2249156 3.3367454 1.7518579 2.0603215 2.0858669 3.0368302 1.9816851 1.8022095 1.8890365 1.6352122 1.6857817 1.8533986 1.9360198 2.2111432 3.3125014 1.8464175 1.4650182 1.5354776 1.8203380 0.7738134 0.6781196 0.0721747 0.0000000 0.2512999 0.2276425 3.0133107 5.2504992 2.1902614 2.8600421 2.5209704 1.9607411 1.9748688 2.3132063 1.9408426 1.6474990 2.0641888 2.3548945 2.4426000 2.4858639 2.9032036 2.0724350 2.6837400 2.7733150 2.5953283 3.4729917 3.9209967 3.7871421 3.8480934 3.4714499 3.7786674 3.7926957 8.9308098 3.9595321 4.2619253 9.0000000 2.8822012 2.9544763 1.6682997 1.8613134 2.8459513 2.0629128 2.2478877 2.7903786 4.3681830 3.4730012 3.8225294 4.0918008 4.1826861 6.3986408 4.1791674 5.0439800 3.9385303 3.9504293 4.5527481 4.8173035 4.6638186 3.6118593 3.8843571 3.8683228 3.4856000 2.3714002 4.1358068 4.8351117 4.6765429 3.7422531 3.7429414 4.3567713 2.5741026 4.0344275 4.4319396 4.4837782 5.4017569 4.9893021 5.2794510 4.2656432 5.1494556 5.5616730 5.8714769 6.1222289 4.1716021 5.1227611 4.5648542 5.0900736 4.9113402 
Of_1176115448            2.5495521 3.2705044 2.9314948 2.4013913 2.5504872 2.1130464 3.4173219 2.2220658 2.2589979 2.2033151 2.1762480 2.2200200 2.3538792 2.2826631 2.3343084 2.9353162 2.9507705 2.2954467 2.0110536 1.8535422 0.9118109 0.7793256 0.2317165 0.2512999 0.0000000 0.1515700 3.8614919 5.1395434 2.7964141 4.0620412 3.2870713 2.3138731 2.3091686 3.0669073 2.0660120 2.0045052 2.1719497 2.8109840 3.4059030 2.9459401 3.2667995 2.1607980 3.2527770 3.5011772 3.3807993 4.3889288 4.7430070 4.9034422 4.5506622 4.4318312 3.7238481 3.5386134 5.4288766 4.5025707 5.1374408 6.3650931 3.3494651 3.1538598 2.0295173 2.3491378 2.5874106 2.2821188 2.4128498 2.7793476 4.1833967 3.0476933 4.4205553 5.1642673 4.4423580 5.3229132 4.2719641 4.7157566 3.5872914 3.7810292 4.5936578 4.9521008 4.7708582 3.9597752 4.2670939 4.4009905 4.1237689 2.4800251 3.5795247 4.6509589 4.3249782 4.0736138 3.5907440 4.2106467 2.4246782 4.1072963 4.3882902 4.6065775 4.9948740 6.4758090 6.2095176 5.6104670 5.6576278 5.7332809 6.3871998 6.3357996 3.6921097 4.8934114 4.9248413 5.2681579 5.4271209 
Pd_XP_027060544.1        2.5767677 3.0982744 2.9658033 2.3351962 2.5191017 2.1362282 3.4525234 2.1610164 2.2042036 2.1546317 2.0926342 2.0804866 2.0943253 2.2144958 2.3547847 3.1192324 2.9313821 2.2561045 2.0536916 1.8542121 0.8844452 0.7557994 0.2313479 0.2276425 0.1515700 0.0000000 3.8835485 5.2454136 3.0214669 3.9554799 3.1274071 2.2602269 2.3391846 2.9753768 2.0840976 1.9886569 2.1648674 2.7692175 3.3172002 2.9682635 3.1444094 2.2335862 3.2130813 3.6138702 3.4394184 4.5107919 5.0194627 5.2752451 4.7066114 4.5696478 3.6353881 3.5930928 5.3050126 4.6123488 5.2928835 6.4927320 3.4792669 3.1601893 2.0339619 2.3595859 2.5465203 2.3627587 2.4250167 2.8144229 3.8748554 3.0089243 4.4312247 5.3320258 4.3319350 5.2577501 4.2194545 4.7683868 3.7405375 3.8432038 4.4186133 4.9653934 4.9126342 3.9755551 4.4136283 4.3524367 4.1445085 2.5470252 3.7427940 4.4839534 4.5452237 4.0213124 3.5138881 4.2095270 2.6486383 4.3494712 4.4297261 4.4783356 4.9069777 6.3364877 6.3418785 5.5510866 5.5368218 5.5676084 6.0272310 6.1020630 4.0731959 5.0838086 5.2532096 5.0463254 5.3340055 
m_bre_MONBRDRAFT_11917T0 4.0679779 6.2272284 4.5369733 4.6883903 4.2994098 3.5182227 5.9743254 3.3924847 4.0414525 3.9867798 3.7349075 3.7620932 3.4783493 3.7481593 3.7105830 4.6319534 5.3157360 5.0405677 4.0520544 3.9615632 4.0722080 3.9552670 3.9219793 3.0133107 3.8614919 3.8835485 0.0000000 6.7828622 4.4767389 4.5965341 3.6652005 4.0390923 3.9330253 4.6673955 3.9350391 4.0808019 4.1487634 4.3845095 5.3822033 4.9175041 5.1501470 6.4109884 4.0976927 3.7491515 3.8501931 6.7736979 6.4177506 6.0623680 6.6681446 6.1972342 5.5084933 5.6202180 6.8101553 5.7899648 6.0815255 5.4624696 3.9074921 3.0306074 2.9661026 3.6731964 4.1940229 4.3681731 4.2010392 5.4843801 5.6774383 4.9598023 8.9999983 7.2652787 5.7974412 6.4933856 7.5801285 6.2954467 6.6428419 6.4527504 6.7101743 6.8331550 6.3163370 5.6370609 6.7338375 6.6232960 6.2380560 4.5403764 6.8764650 7.3655252 6.2141496 6.0508714 5.7225942 6.7114464 4.1140058 5.8910418 6.5782433 6.4365615 6.1016685 6.8164532 6.2447228 6.4086265 6.2202910 6.8450547 7.3829832 8.9999990 7.0806459 6.5841739 6.5191314 5.4880794 6.4196834 
Ct_ELT96642.1            6.3751074 4.1879358 5.8823265 4.8286108 5.4152345 4.4269492 6.3325808 4.8917523 5.8554369 5.1655666 4.7084696 5.1048142 5.4700981 5.0447382 5.2827960 8.5410872 4.8486978 5.2877612 5.1359693 4.6708258 5.2496323 4.7543556 5.3018085 5.2504992 5.1395434 5.2454136 6.7828622 0.0000000 5.6666685 7.5821114 5.4549699 4.9287621 4.6129157 4.7666579 5.4030356 5.1886818 4.8912983 5.2086878 4.9594885 4.7208688 4.6389861 5.7060198 5.0382238 5.4852250 5.5674994 4.6431618 5.1071244 5.8894872 5.8642209 5.1877046 5.3081224 5.2947662 8.9999989 6.1027492 6.8541926 9.0000000 4.7676250 4.6201672 4.8618833 4.6592033 4.8816396 4.9816046 5.0343297 4.2326016 8.9999987 7.6190870 4.7848229 4.1552539 4.6512679 5.6006359 4.4130441 5.2385557 3.6152989 4.0263190 4.3597070 4.6140251 4.1579328 3.8811728 3.9309351 4.1103790 4.1539374 4.5652731 4.0670384 5.3265295 3.9979376 3.3175999 3.7896715 4.8003734 4.2968609 4.0400645 4.1828216 4.0387647 7.3002416 4.2484222 3.9799869 4.3440998 4.3537808 4.3042094 4.6018592 6.1299102 5.5214616 4.4166927 4.4998012 5.0812369 4.0229756 
Sp_115620532             3.9134265 2.4653770 4.5665268 3.2062946 3.6489166 2.3446065 3.8605374 2.9007998 3.2872681 2.9673383 2.8361242 3.1432429 3.2137171 3.1722876 3.2851448 3.5851359 3.4314249 3.8750831 3.0750715 2.5074370 2.8484340 3.0440509 2.8657989 2.1902614 2.7964141 3.0214669 4.4767389 5.6666685 0.0000000 4.4213063 4.2879711 3.1772990 3.1270429 3.2063345 3.2583417 3.2480063 3.1505055 2.5957995 3.4772711 3.0833512 3.2625664 2.3207765 4.0624945 3.9341624 3.5097460 5.2825265 4.9274176 5.1221411 5.0646064 5.1338651 4.8276356 3.3867301 6.4464560 5.0032187 6.5788677 6.6962897 3.3543355 3.7185473 2.8814183 3.4873190 2.4086203 2.3522183 2.5369766 2.2052289 5.5671842 4.6260962 6.1634473 5.4850671 5.0429364 4.9816432 5.1656320 5.8001836 4.5680167 5.8264398 6.1321003 5.6981986 5.5442338 4.8541597 5.2510088 5.0869738 4.7752849 2.7443346 4.4151375 5.7067345 5.2708568 4.1127850 4.4243301 5.6528764 2.6676582 4.9995872 5.2701911 5.3440171 6.7494118 6.2976031 5.7649485 5.3484462 5.8500885 6.0329467 6.3135863 5.7330121 4.1683038 5.8580753 5.6560246 5.7030051 5.6503749 
m_bre_MONBRDRAFT_33119T0 4.3659974 3.7387398 4.3007177 4.2846445 3.6265200 3.6899162 5.5557426 3.2945604 3.7621083 3.4232521 3.3198028 3.3206970 3.5421666 3.3133611 3.4167733 5.0790795 5.0330817 4.7066392 4.1427188 3.7737258 3.8660758 3.9297368 3.9682460 2.8600421 4.0620412 3.9554799 4.5965341 7.5821114 4.4213063 0.0000000 3.0847840 3.3397361 3.2979445 3.8919636 3.7707723 3.8302248 3.6223655 3.6719515 3.9419839 4.0158804 4.3215598 2.3661905 3.5905255 3.7538941 3.3748468 6.7078333 6.0544576 6.3580502 6.6657084 6.5353445 6.1819727 5.2468921 6.5233859 6.2156312 7.1377043 7.6667240 3.4489863 3.4081259 3.1022419 3.5887812 3.7570481 3.2652437 3.2075356 3.1376104 6.3215137 4.2667442 6.4090805 5.6681965 4.8605328 5.8406291 5.7335493 5.8672887 5.1312017 4.9211182 5.9435173 5.6094329 5.2597530 4.6378382 5.9818081 5.3779614 5.3751527 2.7610362 5.5363437 6.3501169 4.7916454 4.9140629 4.9831915 5.3144953 4.1035720 5.7234436 5.1639696 6.4238477 5.0409748 7.8393785 7.1820345 6.1941335 6.2125481 6.7676109 7.8425725 4.8086903 3.7502708 5.5526976 7.0388724 6.5527113 6.4312241 
m_bre_MONBRDRAFT_38375T0 3.6376057 3.9686644 4.9355817 3.9970067 3.8269033 2.9092180 4.5989903 2.9667903 3.4286468 3.2967508 2.9045111 2.8387102 2.3748196 2.9873201 3.0003432 4.3995688 4.4088486 4.1123457 3.7256718 3.2918288 3.1592960 3.2419862 3.2819723 2.5209704 3.2870713 3.1274071 3.6652005 5.4549699 4.2879711 3.0847840 0.0000000 3.3771024 3.4517145 3.4833330 2.9406514 2.9030352 2.9381959 3.4384060 4.7102388 3.8189482 4.5584359 3.7328550 2.9873245 3.5345310 3.0327661 5.7200394 5.3490089 5.8134705 5.9989674 5.5909160 4.8105386 4.2389060 7.0724409 6.0103761 7.2200833 8.9999982 3.6948201 2.9453201 2.2405731 2.8899182 2.8875671 3.0448060 3.2512893 3.2999213 6.9522657 4.4350401 6.8142316 4.7457578 3.6939800 6.1872349 5.6886288 6.6894995 5.4602361 5.1246157 6.1586970 5.6539178 5.5039516 4.5452334 6.5105046 5.5510531 6.3321693 2.3361297 4.4962060 6.4774956 5.9906640 4.7169841 4.3311464 5.5085569 3.4166893 5.4105281 5.7845411 6.0984723 6.1617587 7.1770222 6.9602213 6.3898439 5.8074808 5.9748188 6.2928259 5.0572571 3.7087332 4.8786410 6.3813420 4.4668258 6.2517327 
Nv_NVE541                2.7203835 3.2304086 2.5487826 2.3043974 2.6423511 2.5450127 3.8994808 2.9697333 2.9774478 2.7852633 2.9515020 2.9160809 2.8159745 2.5546559 2.8652773 3.9414012 3.2309002 3.1543834 3.0119538 2.3193784 2.1934641 2.3877001 2.3916336 1.9607411 2.3138731 2.2602269 4.0390923 4.9287621 3.1772990 3.3397361 3.3771024 0.0000000 1.3048949 2.9912594 1.7879927 1.6070650 1.7472817 3.0086843 3.6141913 2.9424190 3.3026550 3.2559611 3.4228599 3.5649156 3.3814370 4.8830529 5.2634329 5.2609013 5.2284039 4.5791910 3.6672109 3.2495622 7.1655020 4.4981024 6.0426645 6.8178313 3.3846027 3.2153351 2.0152490 2.2116569 2.4748909 2.6903636 2.7877010 2.5011397 4.4143883 3.2744873 5.9296804 5.9911732 4.9164977 5.0652781 4.7109297 4.7760099 3.8510989 4.0610815 4.4217640 4.6907410 4.6724798 3.8887580 4.4210868 4.5113235 4.3260225 3.2190527 3.9751173 4.8873764 4.4247343 3.8726734 3.3555311 4.7576932 2.8970358 5.1130004 4.2620919 4.4859385 5.3587022 6.0916104 6.0749034 5.4764544 5.8766726 5.6367608 5.4470218 4.5935012 3.5193369 6.0196907 5.3252762 5.7903405 5.3580217 
Ep_XP_020893796.1        2.6905501 3.0836712 2.8285199 2.5700908 2.4897763 2.3783652 3.4006178 2.6774095 2.8824170 2.5523008 2.7805013 2.8239833 2.5891594 2.5459813 2.6605217 3.7903455 3.0336717 3.2588657 2.9311105 2.3229947 2.2768881 2.4575449 2.4234936 1.9748688 2.3091686 2.3391846 3.9330253 4.6129157 3.1270429 3.2979445 3.4517145 1.3048949 0.0000000 2.9364265 1.5646125 1.3745526 1.4727714 2.8794691 3.8070148 2.7779211 3.5600669 2.7728162 3.5268657 3.4372391 3.6661840 4.6052467 4.6183208 4.8736336 5.7622237 4.8789676 3.5944238 3.3416994 7.8477106 5.2838863 6.6259687 8.0165604 3.0833624 3.2070233 1.9039778 2.0762302 2.5530967 2.4519714 2.3991127 2.3429706 5.0768720 3.7987260 5.9698073 5.5890006 4.6536294 4.9711891 4.7730777 4.6135059 4.2185779 4.1394369 4.4399289 4.6647356 4.0299930 3.5170156 4.0559474 4.5651908 4.1119049 2.5748571 3.4593277 4.8005410 4.8866670 3.6588850 2.7388559 5.0322980 2.3079500 4.4089367 4.4071731 4.6322448 4.7741351 5.9504976 5.6169461 5.0580011 5.1739079 4.8232878 5.5041958 5.2021959 3.5569396 5.2382631 5.2523555 5.7173687 4.7127352 
Ac_524912589             2.4174517 3.5689783 4.4364345 3.6193817 3.4753400 3.0587617 4.4470574 3.1282353 3.1864566 3.2039580 3.1000932 2.9657385 2.1287450 3.1281659 3.2277804 4.0720196 3.7762005 3.4895281 3.1380724 3.2078500 3.1001147 2.9023973 2.9691701 2.3132063 3.0669073 2.9753768 4.6673955 4.7666579 3.2063345 3.8919636 3.4833330 2.9912594 2.9364265 0.0000000 2.7502544 2.9573863 2.9029521 2.3853017 3.4186555 2.6193487 1.9186926 1.9981009 4.0191997 3.6733082 4.0060282 5.5473951 5.7277605 5.8203495 6.4423294 5.4862753 4.5033472 4.5086791 7.2608752 5.7809948 6.5869325 6.6007525 3.8790134 3.3471014 2.5276023 3.0318827 2.5358953 2.9377069 2.8561132 2.6649030 5.7065489 3.6337238 6.0186148 4.9507823 4.7840889 4.9901825 4.7181421 4.8411493 4.6914143 4.9315418 5.9300359 5.7094154 5.1143278 5.0906299 5.5151547 5.3692919 5.4849795 2.6480168 4.1626270 5.7427239 5.6127298 4.6346302 5.4972620 5.3045644 3.7605824 5.2861995 5.6110402 5.9944367 5.3976970 5.5934418 5.1171128 4.9698502 5.3939052 5.4017654 5.5375072 5.5956051 4.6045607 5.7822692 5.8951632 6.2346769 5.8188510 
Ad_XP_015754935.1        2.5841150 3.0578336 3.1918601 2.6179131 2.3790751 2.2125042 3.1545886 2.3467951 2.4213311 2.2608768 2.5841361 2.5458978 2.0990188 2.3336287 2.5928006 3.2751326 3.7021409 3.3195614 3.0171058 2.4205259 2.1609550 2.1190358 2.1631304 1.9408426 2.0660120 2.0840976 3.9350391 5.4030356 3.2583417 3.7707723 2.9406514 1.7879927 1.5646125 2.7502544 0.0000000 0.5781007 0.5971038 2.3049667 3.2163777 2.8432337 3.1850497 2.0931213 3.1485789 3.7038489 3.3864526 4.6536697 4.9990100 4.6441465 5.2754126 5.0320052 4.2871163 3.5350349 5.9310848 4.8620098 5.7145538 6.0875557 3.3433382 3.0095616 2.1554602 2.1611557 2.1341271 2.5688701 2.7419137 2.2887832 4.7564810 4.1229630 5.8234594 5.6848183 4.7386797 5.3766949 4.4631645 4.4650324 4.3079840 3.9207523 4.0322013 4.5648817 4.4128314 3.7438783 4.5400740 4.3148264 4.3515460 2.9774537 3.6191778 4.3000290 4.2430520 3.7249738 2.9730932 4.6561227 2.4135860 3.9582372 4.3397334 4.3557491 4.3889776 5.6839622 5.3207280 5.3810388 5.5865606 5.2957290 4.8841818 4.8823956 3.7990416 4.8567637 5.1429700 4.8197063 4.9687762 
Of_1176059872            2.3431082 3.3088456 2.7888015 2.4306322 2.2631500 2.2725500 2.8106071 2.2887271 2.2820896 2.2046421 2.3078654 2.3599919 2.0086538 2.3898102 2.3857016 3.0544836 3.3122121 3.0213957 2.8159362 2.4214035 1.9404211 2.1918257 2.0286443 1.6474990 2.0045052 1.9886569 4.0808019 5.1886818 3.2480063 3.8302248 2.9030352 1.6070650 1.3745526 2.9573863 0.5781007 0.0000000 0.3699354 2.3745175 3.1707306 2.9433705 3.4520000 2.6367961 3.1904715 3.4591461 3.3149006 4.6030205 4.9504865 4.6225804 4.9687043 5.0660619 3.8037600 3.0800487 6.4305386 4.6216498 5.6449534 5.7324848 3.1635856 2.8547481 1.9569139 2.0461436 2.4482219 2.4896057 2.6812015 2.7334765 4.1368791 3.7078967 5.7151882 6.2782904 4.5745953 5.2823307 4.3917199 4.2134533 3.7373871 3.5250822 4.3484868 4.4633906 4.4876662 3.9610793 4.4365347 4.1759520 4.3355545 3.0482437 3.2022728 4.3004801 4.1145703 3.8268777 3.0875596 4.7530614 2.4964586 4.1491075 4.3255021 4.3971300 4.9374311 5.9662692 5.0776170 5.1635252 5.1228864 5.1750611 5.1435299 5.1648261 4.1345027 4.6717200 4.9913726 4.8193103 4.8792027 
Pd_XP_027036622.1        2.6342111 3.4366318 2.5844493 2.6903955 2.4659412 2.7527137 3.0838558 2.6085556 2.3623835 2.3785599 2.4425831 2.5997218 2.1583503 2.7411585 2.6236559 3.1333794 3.1926079 3.5194998 3.0565361 2.5661146 2.1478868 2.3013465 2.2411256 2.0641888 2.1719497 2.1648674 4.1487634 4.8912983 3.1505055 3.6223655 2.9381959 1.7472817 1.4727714 2.9029521 0.5971038 0.3699354 0.0000000 2.3579799 3.2073385 2.7553475 3.1364033 2.4145429 2.9460440 3.3741496 3.1823610 4.9169538 4.8255475 4.7898317 4.9660921 4.9270795 3.9058455 3.4437104 6.9622357 4.9038023 5.7314862 6.3884968 3.1514116 2.8334907 2.2363010 2.1385010 2.4367009 2.4133546 2.6803492 3.1005475 4.5032272 3.8629028 5.8885082 5.8031785 4.5895022 4.9621626 4.4288054 4.6631800 3.6423597 3.7971379 4.3259838 4.5080738 4.6945310 4.0733460 4.5925456 4.2791308 4.4506728 2.8242077 3.1432714 4.1882957 4.1686664 3.7137726 2.6252465 4.6375158 2.6448993 4.1808025 4.1883510 4.6240559 4.5414792 6.0350916 5.6380225 5.3670095 5.3720491 5.4081987 4.7629012 5.7655407 3.5955197 5.1603188 5.0073234 4.8447935 4.5451357 
