51
Sp_390337537             0.0000000 1.0703983 0.7887415 0.7596045 0.8292679 0.8629610 0.8879418 0.9502187 1.0001394 0.8954589 0.9361543 1.0563504 1.0977483 0.8132065 1.1149486 1.0061506 0.9730969 0.8754465 0.9622989 0.7819975 0.9611932 1.0222331 0.9916776 1.0494184 0.9267955 0.8629243 1.0163813 1.0163813 0.9780005 1.1036883 0.8417543 0.6498505 1.0331963 0.9940474 0.8988273 0.9370384 1.0350865 0.8476654 1.0057684 0.8748534 1.0419396 1.0571722 1.0225986 1.1122489 0.9829499 0.9659574 1.0105112 1.0321531 1.0610943 0.9562564 0.9935296 
Hs_WIF1                  1.0703983 0.0000000 0.7195503 0.9189178 0.7689120 0.8424084 0.7202756 0.8117317 0.7585184 0.7470415 0.9764137 0.8674839 1.1434149 1.0056895 1.1048612 1.1732868 0.9428655 0.9002688 0.9948562 1.0644196 0.9635221 0.9496061 0.9691983 0.9562207 0.8420754 0.9777585 1.0094577 1.0094577 1.0242852 1.0439916 0.9670130 0.7879687 1.1265530 0.8761762 0.8843254 0.8933405 0.9306011 0.8237038 0.9248180 0.8862169 1.0026073 0.8674800 0.9672616 0.9836965 1.0648541 0.8808188 0.9651745 1.0389265 0.9444459 1.0303281 1.1517484 
Sp_780059110             0.7887415 0.7195503 0.0000000 0.7808651 0.7519560 0.7869908 0.7492562 0.6078665 0.6502215 0.7308733 0.9296478 0.9061596 1.0694954 0.9578969 1.0088768 1.0415228 0.9170521 0.8836043 0.8951518 0.8788643 1.0644138 1.0564460 0.8506997 0.9910543 0.8394687 0.9466439 0.9132585 0.9132585 0.9663920 0.9624316 0.9151733 0.6545267 0.9830701 0.8637023 0.8864254 0.9232477 0.8915339 0.7985187 0.9350860 0.8455371 0.9912881 0.8975520 0.9043627 0.8420950 1.0057551 0.9313297 0.9083820 0.9533974 0.9261189 0.9333582 0.9177107 
Sp_390337679             0.7596045 0.9189178 0.7808651 0.0000000 0.6729273 0.7810077 0.6605842 0.7939589 0.7842314 0.7199133 0.9041431 0.8589986 0.9751792 0.8420100 1.1428417 0.9785863 0.8970471 0.8675250 0.8956327 0.9782673 0.9000351 0.9053923 0.9123743 0.9437398 0.8631793 0.9236631 0.9225353 0.9225353 1.0071961 1.0759651 0.8885879 0.6681474 0.9636954 0.8505517 0.8656703 0.8571329 0.9164365 0.8244739 0.8294345 0.8994493 1.0065007 0.9482546 0.9711441 1.0815342 0.9607533 0.8471422 0.9297400 0.8598356 0.9122251 0.9920585 0.9770587 
Sk_269785073             0.8292679 0.7689120 0.7519560 0.6729273 0.0000000 0.8182631 0.5970963 0.6872072 0.7281906 0.6733336 1.0135689 0.7896443 1.0034488 0.9168616 1.0607122 0.9495085 0.9786752 0.9856353 0.9454850 0.9060345 1.1071508 0.9399584 0.8620854 0.8640481 0.8254156 0.8519513 1.0205649 1.0205649 0.8486121 0.9266773 0.8052146 0.6113398 0.9640755 0.7877758 0.7910292 0.7817982 0.7928472 0.7392499 0.8663894 0.7479011 0.9674386 0.9415136 0.9307689 1.0823998 0.9984602 0.9431074 1.0356877 0.9756878 0.9435531 1.0298721 1.0091211 
Dm_shf                   0.8629610 0.8424084 0.7869908 0.7810077 0.8182631 0.0000000 0.7307263 0.6906496 0.5740071 0.6814442 0.8868264 0.8674064 1.0578506 0.8739189 0.9461214 0.8327640 0.8838884 0.8281777 0.7981611 0.8434168 0.9688723 0.8933326 0.8583020 0.9209963 0.8675264 0.8889535 0.9709618 0.9709618 0.9083614 0.9879773 0.8602744 0.5905919 0.8980865 0.9134411 0.9241194 0.8815080 0.8840522 0.8075003 0.9410001 0.8451215 0.8209106 0.9752910 0.9609787 1.1191952 0.9150787 0.8955314 0.9980009 0.9413805 0.9032416 0.8359572 0.8257699 
Ct_ELU17704.1            0.8879418 0.7202756 0.7492562 0.6605842 0.5970963 0.7307263 0.0000000 0.5857813 0.4999510 0.5258241 0.9187848 0.9445268 1.1534122 0.9631264 0.9459584 1.0564032 0.8847467 0.8564014 0.8389085 0.9975994 0.9752130 0.9304742 0.9788419 0.9802402 0.8654309 0.9557350 0.8960101 0.8960101 0.8584100 1.0062227 0.8679993 0.6042840 0.9751616 0.8365793 0.8198962 0.8220905 0.7882032 0.7301357 0.7431617 0.7274503 0.9787117 1.1128782 0.9709947 0.9203908 0.9105653 1.0052718 0.9955498 0.9658907 0.9553166 0.9397125 0.9623528 
La_919097491             0.9502187 0.8117317 0.6078665 0.7939589 0.6872072 0.6906496 0.5857813 0.0000000 0.4514884 0.5202090 0.9863563 0.9208694 1.1718539 0.9143033 1.1408774 0.8919610 1.0258970 0.9669405 0.9115348 0.9054539 1.0133494 1.0579343 0.9951650 0.9656085 0.8606337 0.9442160 0.9820415 0.9820415 0.8844170 1.0372275 1.0201994 0.6003099 0.9829465 0.7886607 0.7937868 0.8296557 0.7995566 0.6968479 0.8526975 0.8243434 0.9471741 0.9812658 0.8816532 0.9122349 0.9812810 0.8843629 0.9352161 1.0658285 0.9199750 0.9515287 0.8585837 
Cg_762161288             1.0001394 0.7585184 0.6502215 0.7842314 0.7281906 0.5740071 0.4999510 0.4514884 0.0000000 0.5375927 1.0656586 1.0029902 1.2152666 0.9570980 1.1964184 0.9691798 1.0700474 1.0304172 0.9749416 0.9901368 1.0419500 1.0975099 0.9693581 1.0391446 0.9824262 1.0758107 1.0110506 1.0110506 0.9286118 1.0591029 0.9963871 0.7261135 1.1186587 0.8552873 0.8135468 0.8617871 0.8255881 0.7899118 0.9301864 0.8923336 0.9595352 1.0358635 0.9067394 1.0411070 0.9850506 0.9898202 1.0355130 1.0126531 1.0193215 0.9517901 0.9614945 
Pa_g5123.t1              0.8954589 0.7470415 0.7308733 0.7199133 0.6733336 0.6814442 0.5258241 0.5202090 0.5375927 0.0000000 1.0019855 0.9730770 1.1030064 1.0338087 1.0830547 1.1270924 0.9733054 0.9077599 0.8454566 1.0741592 1.0472444 1.1681314 1.0332780 1.1517818 0.8554203 0.9870271 1.0002450 1.0002450 0.9922572 1.1542403 0.9614935 0.6581088 1.1398898 0.9235999 0.9752585 0.9095759 0.8874976 0.7995769 0.8437319 0.7890711 1.0828124 0.9976204 0.9247947 0.9344885 0.9643966 0.9697181 1.0130661 1.0140826 0.8911128 0.9082888 0.9207122 
Hv_828211403             0.9361543 0.9764137 0.9296478 0.9041431 1.0135689 0.8868264 0.9187848 0.9863563 1.0656586 1.0019855 0.0000000 0.7506324 0.6580228 0.8226325 0.8565925 0.7859718 0.7804479 0.7248583 0.7767016 0.7319628 0.7292417 0.8688649 0.8918528 0.8189798 0.6828420 0.6840508 0.8396016 0.8396016 0.8477871 0.7451429 0.7820203 0.5872825 0.7703515 1.0115779 1.0116159 0.9866036 0.9820428 0.9210283 1.0519793 0.9687616 1.0150967 0.8510516 1.0022995 0.9361713 0.9856887 0.9786012 1.0166040 0.9348718 1.1346297 0.9557406 0.9100315 
a_aur_scaffold78.g25.t1  1.0563504 0.8674839 0.9061596 0.8589986 0.7896443 0.8674064 0.9445268 0.9208694 1.0029902 0.9730770 0.7506324 0.0000000 0.5192147 0.7807430 0.8317328 0.7502721 0.7723208 0.7403336 0.7452763 0.7661151 0.7674072 0.7335624 0.7172275 0.6874329 0.6491119 0.7477058 0.7034768 0.7034768 0.7453762 0.7690999 0.7254582 0.5502152 0.7401764 0.9533085 0.9726323 0.9579603 1.0018493 0.8050543 1.0173601 1.0415528 1.0081521 1.1301664 1.0157611 0.8774744 0.9184201 0.9513149 0.8591636 0.9057266 0.8503314 0.8670287 0.9835961 
m_vir_scaffold191.g23.t1 1.0977483 1.1434149 1.0694954 0.9751792 1.0034488 1.0578506 1.1534122 1.1718539 1.2152666 1.1030064 0.6580228 0.5192147 0.0000000 0.7894342 0.9148262 0.8286168 0.7683004 0.7246740 0.7286156 0.7707948 0.7505165 0.7672162 0.6630068 0.7187935 0.6169550 0.7152547 0.7114623 0.7114623 0.7771307 0.7886413 0.6335402 0.5589252 0.7804462 1.0224478 0.9958460 0.9806352 1.1343018 0.8802041 1.0899551 1.0059603 0.9722681 1.0491200 1.0568224 0.9424229 0.9087386 1.0304691 0.9969485 0.9632394 1.0906203 0.9637363 0.9869325 
Ce_lin-18                0.8132065 1.0056895 0.9578969 0.8420100 0.9168616 0.8739189 0.9631264 0.9143033 0.9570980 1.0338087 0.8226325 0.7807430 0.7894342 0.0000000 1.0467022 0.7996834 0.8921477 0.8335345 0.8213831 0.7212044 0.8760857 0.7476683 0.7452065 0.7566034 0.7790874 0.7584394 0.8674508 0.8674508 0.8356029 0.8966481 0.7943752 0.6129379 0.8894051 0.8627441 0.9077025 0.9370236 0.9899048 0.7702824 0.9108834 0.8355761 0.9440172 0.9152156 0.7897869 0.9919524 0.8963727 0.9024270 0.8086639 0.8523590 1.0238723 0.8495832 0.9300671 
d_gig_g21971.t1          1.1149486 1.1048612 1.0088768 1.1428417 1.0607122 0.9461214 0.9459584 1.1408774 1.1964184 1.0830547 0.8565925 0.8317328 0.9148262 1.0467022 0.0000000 0.9358047 0.7275359 0.6419527 0.6501172 0.7676118 0.6794860 0.9612131 0.9020234 0.9175462 0.8301201 0.7943580 0.9451257 0.9451257 0.8918606 0.8601492 0.7948769 0.5940380 0.8845857 0.9938341 1.0754971 1.0763463 1.0270998 0.8885990 1.1213685 1.1234887 1.0942090 1.2325498 1.1929001 0.9372288 1.0689453 1.0661502 1.0933251 0.9999351 1.0815836 1.0797903 1.1366609 
Ci_198430807             1.0061506 1.1732868 1.0415228 0.9785863 0.9495085 0.8327640 1.0564032 0.8919610 0.9691798 1.1270924 0.7859718 0.7502721 0.8286168 0.7996834 0.9358047 0.0000000 0.7796088 0.7795511 0.7981235 0.7562900 0.8468920 0.8249448 0.7196410 0.6704038 0.6898298 0.6417220 0.8169570 0.8169570 0.7948983 0.7193947 0.7255677 0.5759930 0.8256478 0.9161981 0.8711080 0.8761373 0.9822808 0.8090713 1.0138669 1.0138480 0.9595864 1.0361588 0.9310372 1.0782168 0.9093115 0.9355242 1.0691150 1.0114396 1.0770853 0.9957421 1.0548488 
Ad_XP_015758855.1        0.9730969 0.9428655 0.9170521 0.8970471 0.9786752 0.8838884 0.8847467 1.0258970 1.0700474 0.9733054 0.7804479 0.7723208 0.7683004 0.8921477 0.7275359 0.7796088 0.0000000 0.2156235 0.2544421 0.5489977 0.5499726 0.8622077 0.7737170 0.8373368 0.6969522 0.7144422 0.5962877 0.5962877 0.7370366 0.8303944 0.7817167 0.5542703 0.7891762 0.9995898 0.9741564 0.9185982 0.9654787 0.7814097 0.9855345 0.8635648 0.9111229 1.0286952 1.0155507 0.9929752 0.9357885 0.9491433 0.9381026 0.9301364 0.8538870 0.8654095 0.9293244 
Of_1176083368            0.8754465 0.9002688 0.8836043 0.8675250 0.9856353 0.8281777 0.8564014 0.9669405 1.0304172 0.9077599 0.7248583 0.7403336 0.7246740 0.8335345 0.6419527 0.7795511 0.2156235 0.0000000 0.1758985 0.4964987 0.5294012 0.8650525 0.7947251 0.8320393 0.7080256 0.7093115 0.6262642 0.6262642 0.7480250 0.8380381 0.7900867 0.5770274 0.7965072 1.0169493 1.0050276 0.9163419 0.9773263 0.8086929 0.9736010 0.8752860 0.9553930 0.9865595 0.9982741 0.9953482 0.8160192 0.8443623 0.8749019 0.8239008 0.8486064 0.8247728 0.9032330 
Pd_XP_027054963.1        0.9622989 0.9948562 0.8951518 0.8956327 0.9454850 0.7981611 0.8389085 0.9115348 0.9749416 0.8454566 0.7767016 0.7452763 0.7286156 0.8213831 0.6501172 0.7981235 0.2544421 0.1758985 0.0000000 0.4614227 0.5081135 0.7820867 0.6899406 0.7776089 0.6846364 0.6981738 0.5989703 0.5989703 0.7235200 0.8563798 0.7408253 0.5630184 0.8349661 0.9464252 0.9245427 0.8695300 0.9106103 0.7802505 0.9401308 0.7872359 0.8767297 0.9968015 1.0356950 0.9482881 0.8734150 0.9376518 0.9731389 0.8803712 0.8914896 0.8975950 0.9048169 
Ep_XP_020908835.1        0.7819975 1.0644196 0.8788643 0.9782673 0.9060345 0.8434168 0.9975994 0.9054539 0.9901368 1.0741592 0.7319628 0.7661151 0.7707948 0.7212044 0.7676118 0.7562900 0.5489977 0.4964987 0.4614227 0.0000000 0.4160924 0.8157502 0.7923300 0.7560545 0.6535461 0.6683114 0.7543016 0.7543016 0.7970893 0.8063941 0.7241691 0.5057279 0.7820309 0.8217815 0.8255375 0.8193064 0.9121585 0.8701175 0.9558454 0.8961640 0.9813315 0.9865317 1.0406934 0.9584660 0.9140563 0.9684262 0.9875577 0.9158407 1.0236183 0.9276116 1.0254069 
Nv_NVE10274              0.9611932 0.9635221 1.0644138 0.9000351 1.1071508 0.9688723 0.9752130 1.0133494 1.0419500 1.0472444 0.7292417 0.7674072 0.7505165 0.8760857 0.6794860 0.8468920 0.5499726 0.5294012 0.5081135 0.4160924 0.0000000 0.8651786 0.7893592 0.7987157 0.6168933 0.7545876 0.7067372 0.7067372 0.7202680 0.8336223 0.6876335 0.4572271 0.7742351 0.9158596 0.9177162 0.8737786 1.0928780 0.8634500 1.0729318 1.0699529 0.9575418 1.1446206 1.1737174 0.9858399 0.8691514 0.8962892 0.9682973 0.9042875 0.9438630 0.9519705 0.9940891 
Dm_Drl-2                 1.0222331 0.9496061 1.0564460 0.9053923 0.9399584 0.8933326 0.9304742 1.0579343 1.0975099 1.1681314 0.8688649 0.7335624 0.7672162 0.7476683 0.9612131 0.8249448 0.8622077 0.8650525 0.7820867 0.8157502 0.8651786 0.0000000 0.4944520 0.4556145 0.7542152 0.7074134 0.6918629 0.6918629 0.7157047 0.6257444 0.6494990 0.5121153 0.7162650 0.8925312 0.9181533 0.9278399 0.9630410 0.7263007 0.8619904 0.8492155 0.9017532 0.9999705 0.9334438 0.9006085 0.9433304 0.9736779 0.9275605 0.9906549 0.9150640 0.9600630 0.9074858 
Dm_dnt                   0.9916776 0.9691983 0.8506997 0.9123743 0.8620854 0.8583020 0.9788419 0.9951650 0.9693581 1.0332780 0.8918528 0.7172275 0.6630068 0.7452065 0.9020234 0.7196410 0.7737170 0.7947251 0.6899406 0.7923300 0.7893592 0.4944520 0.0000000 0.2438056 0.6251136 0.6475841 0.6009678 0.6009678 0.5790282 0.6180475 0.5582199 0.4308710 0.6014419 0.9566482 0.8894925 0.8890914 0.9407299 0.7121383 0.8960984 0.8715553 0.8908069 1.0085639 0.9394439 0.9106830 0.8790253 0.9200581 0.8839206 0.8980665 0.8535540 0.8553805 0.8357487 
Dm_drl                   1.0494184 0.9562207 0.9910543 0.9437398 0.8640481 0.9209963 0.9802402 0.9656085 1.0391446 1.1517818 0.8189798 0.6874329 0.7187935 0.7566034 0.9175462 0.6704038 0.8373368 0.8320393 0.7776089 0.7560545 0.7987157 0.4556145 0.2438056 0.0000000 0.5932492 0.6376698 0.6223081 0.6223081 0.6228437 0.5846971 0.5512520 0.4510674 0.6395830 0.9894592 0.9026756 0.9108671 0.9730166 0.7492431 0.9026440 0.9632011 0.9052349 1.0868416 0.9712707 0.9660533 0.8851858 0.9995709 0.9272127 0.9632068 0.9366804 0.9409817 0.9751906 
Sp_390340318             0.9267955 0.8420754 0.8394687 0.8631793 0.8254156 0.8675264 0.8654309 0.8606337 0.9824262 0.8554203 0.6828420 0.6491119 0.6169550 0.7790874 0.8301201 0.6898298 0.6969522 0.7080256 0.6846364 0.6535461 0.6168933 0.7542152 0.6251136 0.5932492 0.0000000 0.5593588 0.5690390 0.5690390 0.5475364 0.5926466 0.5562566 0.4203396 0.6334238 0.8291852 0.8262033 0.7709716 0.9001557 0.6876202 0.8777018 0.8542274 0.8676114 0.9369518 0.9862774 0.8923551 0.8614019 0.9187476 0.8624716 0.8789208 0.9293754 0.8672344 0.9938560 
Hs_RYK                   0.8629243 0.9777585 0.9466439 0.9236631 0.8519513 0.8889535 0.9557350 0.9442160 1.0758107 0.9870271 0.6840508 0.7477058 0.7152547 0.7584394 0.7943580 0.6417220 0.7144422 0.7093115 0.6981738 0.6683114 0.7545876 0.7074134 0.6475841 0.6376698 0.5593588 0.0000000 0.5728955 0.5728955 0.5473564 0.4829998 0.4404998 0.3961663 0.5870553 0.7642342 0.7737198 0.7487574 0.8247755 0.7105447 0.8142699 0.7241506 0.8846902 0.9808967 0.9083779 0.9795676 0.9082120 0.9243780 0.9261946 0.9226001 0.9312180 0.8990829 0.9569776 
Xb_g5932.t1              1.0163813 1.0094577 0.9132585 0.9225353 1.0205649 0.9709618 0.8960101 0.9820415 1.0110506 1.0002450 0.8396016 0.7034768 0.7114623 0.8674508 0.9451257 0.8169570 0.5962877 0.6262642 0.5989703 0.7543016 0.7067372 0.6918629 0.6009678 0.6223081 0.5690390 0.5728955 0.0000000 0.0000010 0.4353228 0.5302794 0.5300661 0.3111797 0.4855042 0.8928659 0.9158848 0.8568198 0.9355214 0.8002872 0.9850088 0.8784907 0.9700744 1.0560219 1.0502388 0.8771743 0.8131201 0.9094930 0.9513030 0.8999755 0.9540062 0.8853889 0.9123784 
Xb_g5932.t2              1.0163813 1.0094577 0.9132585 0.9225353 1.0205649 0.9709618 0.8960101 0.9820415 1.0110506 1.0002450 0.8396016 0.7034768 0.7114623 0.8674508 0.9451257 0.8169570 0.5962877 0.6262642 0.5989703 0.7543016 0.7067372 0.6918629 0.6009678 0.6223081 0.5690390 0.5728955 0.0000010 0.0000000 0.4353228 0.5302794 0.5300661 0.3111797 0.4855042 0.8928659 0.9158848 0.8568198 0.9355214 0.8002872 0.9850088 0.8784907 0.9700744 1.0560219 1.0502388 0.8771743 0.8131201 0.9094930 0.9513030 0.8999755 0.9540062 0.8853889 0.9123784 
Ct_ELT98024.1            0.9780005 1.0242852 0.9663920 1.0071961 0.8486121 0.9083614 0.8584100 0.8844170 0.9286118 0.9922572 0.8477871 0.7453762 0.7771307 0.8356029 0.8918606 0.7948983 0.7370366 0.7480250 0.7235200 0.7970893 0.7202680 0.7157047 0.5790282 0.6228437 0.5475364 0.5473564 0.4353228 0.4353228 0.0000000 0.4570003 0.4802898 0.2779086 0.4073909 0.8683361 0.8558411 0.8376221 0.8571338 0.6905098 0.8559926 0.8029693 0.9286894 1.0637526 0.9889282 0.8838531 0.8290790 0.8916743 0.8696596 0.8106571 1.0058228 0.9134174 0.9268457 
Pa_g3399.t1              1.1036883 1.0439916 0.9624316 1.0759651 0.9266773 0.9879773 1.0062227 1.0372275 1.0591029 1.1542403 0.7451429 0.7690999 0.7886413 0.8966481 0.8601492 0.7193947 0.8303944 0.8380381 0.8563798 0.8063941 0.8336223 0.6257444 0.6180475 0.5846971 0.5926466 0.4829998 0.5302794 0.5302794 0.4570003 0.0000000 0.3653399 0.2320023 0.3912733 0.8648926 0.8470615 0.9038268 0.8030370 0.7834761 0.9413067 0.9191611 0.9554324 0.9562917 0.9331732 0.8470010 0.8063600 0.8860015 0.9328240 0.9246046 1.0338591 0.9218153 0.9753188 
Cg_762149307             0.8417543 0.9670130 0.9151733 0.8885879 0.8052146 0.8602744 0.8679993 1.0201994 0.9963871 0.9614935 0.7820203 0.7254582 0.6335402 0.7943752 0.7948769 0.7255677 0.7817167 0.7900867 0.7408253 0.7241691 0.6876335 0.6494990 0.5582199 0.5512520 0.5562566 0.4404998 0.5300661 0.5300661 0.4802898 0.3653399 0.0000000 0.2173046 0.3701493 0.7629729 0.7208650 0.6978015 0.7961337 0.6745558 0.8236892 0.7157811 0.8402695 0.8964808 0.8366994 1.0173013 0.7284634 0.8468299 0.8464240 0.8469373 1.0413752 0.7932611 0.7967063 
La_919004791             0.6498505 0.7879687 0.6545267 0.6681474 0.6113398 0.5905919 0.6042840 0.6003099 0.7261135 0.6581088 0.5872825 0.5502152 0.5589252 0.6129379 0.5940380 0.5759930 0.5542703 0.5770274 0.5630184 0.5057279 0.4572271 0.5121153 0.4308710 0.4510674 0.4203396 0.3961663 0.3111797 0.3111797 0.2779086 0.2320023 0.2173046 0.0000000 0.0000010 0.6101103 0.5976130 0.5452160 0.5973561 0.4211629 0.5288505 0.4777373 0.5789542 0.5756350 0.6046325 0.6194872 0.4929595 0.6015793 0.5892231 0.6118776 0.6860687 0.5479816 0.5857147 
La_919016636             1.0331963 1.1265530 0.9830701 0.9636954 0.9640755 0.8980865 0.9751616 0.9829465 1.1186587 1.1398898 0.7703515 0.7401764 0.7804462 0.8894051 0.8845857 0.8256478 0.7891762 0.7965072 0.8349661 0.7820309 0.7742351 0.7162650 0.6014419 0.6395830 0.6334238 0.5870553 0.4855042 0.4855042 0.4073909 0.3912733 0.3701493 0.0000010 0.0000000 0.9488193 0.9316646 0.8847990 0.9448004 0.7740512 0.8449119 0.8034574 0.9107125 0.9305739 0.9571589 0.9574066 0.8183079 0.9174169 0.9491897 0.8852336 1.0518317 0.8837626 0.9759415 
Ad_XP_015767325.1        0.9940474 0.8761762 0.8637023 0.8505517 0.7877758 0.9134411 0.8365793 0.7886607 0.8552873 0.9235999 1.0115779 0.9533085 1.0224478 0.8627441 0.9938341 0.9161981 0.9995898 1.0169493 0.9464252 0.8217815 0.9158596 0.8925312 0.9566482 0.9894592 0.8291852 0.7642342 0.8928659 0.8928659 0.8683361 0.8648926 0.7629729 0.6101103 0.9488193 0.0000000 0.1773924 0.2235981 0.3442101 0.3737836 0.5378744 0.5400604 0.7420743 0.7444695 0.7967705 0.8495482 0.8072049 0.7184150 0.7909737 0.7745704 0.7140539 0.8717041 0.8731328 
Of_1176102141            0.8988273 0.8843254 0.8864254 0.8656703 0.7910292 0.9241194 0.8198962 0.7937868 0.8135468 0.9752585 1.0116159 0.9726323 0.9958460 0.9077025 1.0754971 0.8711080 0.9741564 1.0050276 0.9245427 0.8255375 0.9177162 0.9181533 0.8894925 0.9026756 0.8262033 0.7737198 0.9158848 0.9158848 0.8558411 0.8470615 0.7208650 0.5976130 0.9316646 0.1773924 0.0000000 0.1108488 0.3317145 0.3259870 0.5238889 0.4888563 0.6746490 0.7803435 0.7741282 0.9222722 0.8071338 0.7075810 0.7655581 0.7664237 0.7741272 0.9060176 0.9376944 
Pd_XP_027051823.1        0.9370384 0.8933405 0.9232477 0.8571329 0.7817982 0.8815080 0.8220905 0.8296557 0.8617871 0.9095759 0.9866036 0.9579603 0.9806352 0.9370236 1.0763463 0.8761373 0.9185982 0.9163419 0.8695300 0.8193064 0.8737786 0.9278399 0.8890914 0.9108671 0.7709716 0.7487574 0.8568198 0.8568198 0.8376221 0.9038268 0.6978015 0.5452160 0.8847990 0.2235981 0.1108488 0.0000000 0.3422323 0.3348418 0.5261485 0.5077551 0.6588856 0.7894128 0.8011812 0.9378798 0.8534547 0.7263550 0.7965288 0.7383482 0.7914372 0.8931279 0.9161790 
Ep_XP_020905773.1        1.0350865 0.9306011 0.8915339 0.9164365 0.7928472 0.8840522 0.7882032 0.7995566 0.8255881 0.8874976 0.9820428 1.0018493 1.1343018 0.9899048 1.0270998 0.9822808 0.9654787 0.9773263 0.9106103 0.9121585 1.0928780 0.9630410 0.9407299 0.9730166 0.9001557 0.8247755 0.9355214 0.9355214 0.8571338 0.8030370 0.7961337 0.5973561 0.9448004 0.3442101 0.3317145 0.3422323 0.0000000 0.2620916 0.5766273 0.5291054 0.7440673 0.7919180 0.8559407 0.9604102 0.8938145 0.8179487 0.8286758 0.8125923 0.7204805 0.8323402 0.8867046 
Nv_NVE1474               0.8476654 0.8237038 0.7985187 0.8244739 0.7392499 0.8075003 0.7301357 0.6968479 0.7899118 0.7995769 0.9210283 0.8050543 0.8802041 0.7702824 0.8885990 0.8090713 0.7814097 0.8086929 0.7802505 0.8701175 0.8634500 0.7263007 0.7121383 0.7492431 0.6876202 0.7105447 0.8002872 0.8002872 0.6905098 0.7834761 0.6745558 0.4211629 0.7740512 0.3737836 0.3259870 0.3348418 0.2620916 0.0000000 0.5170634 0.5155501 0.6091655 0.6999688 0.7110430 0.8226102 0.7476356 0.6615158 0.6433415 0.6548451 0.6725062 0.7197213 0.7286267 
a_aur_scaffold5.g153.t1  1.0057684 0.9248180 0.9350860 0.8294345 0.8663894 0.9410001 0.7431617 0.8526975 0.9301864 0.8437319 1.0519793 1.0173601 1.0899551 0.9108834 1.1213685 1.0138669 0.9855345 0.9736010 0.9401308 0.9558454 1.0729318 0.8619904 0.8960984 0.9026440 0.8777018 0.8142699 0.9850088 0.9850088 0.8559926 0.9413067 0.8236892 0.5288505 0.8449119 0.5378744 0.5238889 0.5261485 0.5766273 0.5170634 0.0000000 0.4317717 0.6985951 0.7368850 0.6823061 1.0231061 0.8602607 0.8235025 0.8370567 0.8426909 0.7323178 0.8803629 0.8442164 
m_vir_scaffold132.g5.t1  0.8748534 0.8862169 0.8455371 0.8994493 0.7479011 0.8451215 0.7274503 0.8243434 0.8923336 0.7890711 0.9687616 1.0415528 1.0059603 0.8355761 1.1234887 1.0138480 0.8635648 0.8752860 0.7872359 0.8961640 1.0699529 0.8492155 0.8715553 0.9632011 0.8542274 0.7241506 0.8784907 0.8784907 0.8029693 0.9191611 0.7157811 0.4777373 0.8034574 0.5400604 0.4888563 0.5077551 0.5291054 0.5155501 0.4317717 0.0000000 0.6367300 0.6305622 0.7098662 0.8226661 0.7894367 0.8303443 0.7703739 0.8010846 0.8239926 0.8886391 0.8229535 
d_gig_g12828.t1          1.0419396 1.0026073 0.9912881 1.0065007 0.9674386 0.8209106 0.9787117 0.9471741 0.9595352 1.0828124 1.0150967 1.0081521 0.9722681 0.9440172 1.0942090 0.9595864 0.9111229 0.9553930 0.8767297 0.9813315 0.9575418 0.9017532 0.8908069 0.9052349 0.8676114 0.8846902 0.9700744 0.9700744 0.9286894 0.9554324 0.8402695 0.5789542 0.9107125 0.7420743 0.6746490 0.6588856 0.7440673 0.6091655 0.6985951 0.6367300 0.0000000 0.6427833 0.6625120 1.1569606 0.8970300 0.8645538 0.8317287 0.8766827 0.9139566 0.9087431 0.7999591 
Hv_828190758             1.0571722 0.8674800 0.8975520 0.9482546 0.9415136 0.9752910 1.1128782 0.9812658 1.0358635 0.9976204 0.8510516 1.1301664 1.0491200 0.9152156 1.2325498 1.0361588 1.0286952 0.9865595 0.9968015 0.9865317 1.1446206 0.9999705 1.0085639 1.0868416 0.9369518 0.9808967 1.0560219 1.0560219 1.0637526 0.9562917 0.8964808 0.5756350 0.9305739 0.7444695 0.7803435 0.7894128 0.7919180 0.6999688 0.7368850 0.6305622 0.6427833 0.0000000 0.4487841 0.9236800 1.0060087 0.9045076 0.9516045 0.9978461 0.8054685 0.9707683 0.8735636 
c_hem_XLOC_044794        1.0225986 0.9672616 0.9043627 0.9711441 0.9307689 0.9609787 0.9709947 0.8816532 0.9067394 0.9247947 1.0022995 1.0157611 1.0568224 0.7897869 1.1929001 0.9310372 1.0155507 0.9982741 1.0356950 1.0406934 1.1737174 0.9334438 0.9394439 0.9712707 0.9862774 0.9083779 1.0502388 1.0502388 0.9889282 0.9331732 0.8366994 0.6046325 0.9571589 0.7967705 0.7741282 0.8011812 0.8559407 0.7110430 0.6823061 0.7098662 0.6625120 0.4487841 0.0000000 0.9263893 0.8959937 0.8157703 0.7866645 0.8544856 0.8103226 0.8138596 0.7999185 
d_gig_g27746.t1          1.1122489 0.9836965 0.8420950 1.0815342 1.0823998 1.1191952 0.9203908 0.9122349 1.0411070 0.9344885 0.9361713 0.8774744 0.9424229 0.9919524 0.9372288 1.0782168 0.9929752 0.9953482 0.9482881 0.9584660 0.9858399 0.9006085 0.9106830 0.9660533 0.8923551 0.9795676 0.8771743 0.8771743 0.8838531 0.8470010 1.0173013 0.6194872 0.9574066 0.8495482 0.9222722 0.9378798 0.9604102 0.8226102 1.0231061 0.8226661 1.1569606 0.9236800 0.9263893 0.0000000 0.7858607 0.8448074 0.8185611 0.7842917 0.7387058 0.8433593 0.8227570 
Ep_XP_020912326.1        0.9829499 1.0648541 1.0057551 0.9607533 0.9984602 0.9150787 0.9105653 0.9812810 0.9850506 0.9643966 0.9856887 0.9184201 0.9087386 0.8963727 1.0689453 0.9093115 0.9357885 0.8160192 0.8734150 0.9140563 0.8691514 0.9433304 0.8790253 0.8851858 0.8614019 0.9082120 0.8131201 0.8131201 0.8290790 0.8063600 0.7284634 0.4929595 0.8183079 0.8072049 0.8071338 0.8534547 0.8938145 0.7476356 0.8602607 0.7894367 0.8970300 1.0060087 0.8959937 0.7858607 0.0000000 0.5715042 0.5382348 0.5013753 0.6767755 0.6980074 0.6042624 
Ad_XP_015763318.1        0.9659574 0.8808188 0.9313297 0.8471422 0.9431074 0.8955314 1.0052718 0.8843629 0.9898202 0.9697181 0.9786012 0.9513149 1.0304691 0.9024270 1.0661502 0.9355242 0.9491433 0.8443623 0.9376518 0.9684262 0.8962892 0.9736779 0.9200581 0.9995709 0.9187476 0.9243780 0.9094930 0.9094930 0.8916743 0.8860015 0.8468299 0.6015793 0.9174169 0.7184150 0.7075810 0.7263550 0.8179487 0.6615158 0.8235025 0.8303443 0.8645538 0.9045076 0.8157703 0.8448074 0.5715042 0.0000000 0.2740291 0.3604338 0.6897507 0.6903053 0.6823775 
Of_1176116772            1.0105112 0.9651745 0.9083820 0.9297400 1.0356877 0.9980009 0.9955498 0.9352161 1.0355130 1.0130661 1.0166040 0.8591636 0.9969485 0.8086639 1.0933251 1.0691150 0.9381026 0.8749019 0.9731389 0.9875577 0.9682973 0.9275605 0.8839206 0.9272127 0.8624716 0.9261946 0.9513030 0.9513030 0.8696596 0.9328240 0.8464240 0.5892231 0.9491897 0.7909737 0.7655581 0.7965288 0.8286758 0.6433415 0.8370567 0.7703739 0.8317287 0.9516045 0.7866645 0.8185611 0.5382348 0.2740291 0.0000000 0.2675699 0.6421281 0.5913727 0.6752060 
Pd_XP_027057112.1        1.0321531 1.0389265 0.9533974 0.8598356 0.9756878 0.9413805 0.9658907 1.0658285 1.0126531 1.0140826 0.9348718 0.9057266 0.9632394 0.8523590 0.9999351 1.0114396 0.9301364 0.8239008 0.8803712 0.9158407 0.9042875 0.9906549 0.8980665 0.9632068 0.8789208 0.9226001 0.8999755 0.8999755 0.8106571 0.9246046 0.8469373 0.6118776 0.8852336 0.7745704 0.7664237 0.7383482 0.8125923 0.6548451 0.8426909 0.8010846 0.8766827 0.9978461 0.8544856 0.7842917 0.5013753 0.3604338 0.2675699 0.0000000 0.6345007 0.6267043 0.7252024 
c_hem_XLOC_005119        1.0610943 0.9444459 0.9261189 0.9122251 0.9435531 0.9032416 0.9553166 0.9199750 1.0193215 0.8911128 1.1346297 0.8503314 1.0906203 1.0238723 1.0815836 1.0770853 0.8538870 0.8486064 0.8914896 1.0236183 0.9438630 0.9150640 0.8535540 0.9366804 0.9293754 0.9312180 0.9540062 0.9540062 1.0058228 1.0338591 1.0413752 0.6860687 1.0518317 0.7140539 0.7741272 0.7914372 0.7204805 0.6725062 0.7323178 0.8239926 0.9139566 0.8054685 0.8103226 0.7387058 0.6767755 0.6897507 0.6421281 0.6345007 0.0000000 0.6607531 0.5944972 
a_aur_scaffold86.g42.t2  0.9562564 1.0303281 0.9333582 0.9920585 1.0298721 0.8359572 0.9397125 0.9515287 0.9517901 0.9082888 0.9557406 0.8670287 0.9637363 0.8495832 1.0797903 0.9957421 0.8654095 0.8247728 0.8975950 0.9276116 0.9519705 0.9600630 0.8553805 0.9409817 0.8672344 0.8990829 0.8853889 0.8853889 0.9134174 0.9218153 0.7932611 0.5479816 0.8837626 0.8717041 0.9060176 0.8931279 0.8323402 0.7197213 0.8803629 0.8886391 0.9087431 0.9707683 0.8138596 0.8433593 0.6980074 0.6903053 0.5913727 0.6267043 0.6607531 0.0000000 0.5057231 
m_vir_scaffold38.g39.t1  0.9935296 1.1517484 0.9177107 0.9770587 1.0091211 0.8257699 0.9623528 0.8585837 0.9614945 0.9207122 0.9100315 0.9835961 0.9869325 0.9300671 1.1366609 1.0548488 0.9293244 0.9032330 0.9048169 1.0254069 0.9940891 0.9074858 0.8357487 0.9751906 0.9938560 0.9569776 0.9123784 0.9123784 0.9268457 0.9753188 0.7967063 0.5857147 0.9759415 0.8731328 0.9376944 0.9161790 0.8867046 0.7286267 0.8442164 0.8229535 0.7999591 0.8735636 0.7999185 0.8227570 0.6042624 0.6823775 0.6752060 0.7252024 0.5944972 0.5057231 0.0000000 
