98
Pc_957856495             0.0000000 8.9999984 8.9999988 6.6874145 8.9999990 8.9999990 8.9999989 8.9999989 8.9999980 8.9999982 8.9999989 8.7814584 8.3365966 4.2892445 3.7614042 5.7927034 5.1281377 3.9362866 3.7501819 3.0287869 3.5669452 4.4574805 6.8238536 4.9671845 7.9497745 6.5036505 7.1819902 6.2501238 5.6121631 6.3993314 8.9999990 8.9999982 8.9999987 8.9999983 8.9999982 8.9999989 8.9999987 8.9999984 8.9999989 8.9999984 8.9999987 8.9999984 8.9999990 8.9999990 8.9999986 8.9999989 8.9999988 8.9999990 8.9999983 8.9999988 8.9999980 8.9999982 8.9999985 8.9999983 8.9999985 8.9999980 8.9999986 8.9999988 8.9999990 8.9999983 8.9999983 8.9999983 8.9999989 8.9999984 8.9999989 8.9999986 8.9999981 8.9999982 8.9999983 8.9999983 8.9999988 8.9999987 8.9999988 8.9999982 8.9999982 8.9999985 8.9999984 8.9999983 8.9999989 8.9999990 8.9999988 8.9999982 8.9999990 8.9999983 8.9999988 8.9999990 8.9999983 8.9999982 8.9999981 8.9999985 8.9999989 8.9999982 8.9999983 8.9999988 8.6723920 8.9999981 8.9999980 8.9999984 
p_nak_g35612.t1          8.9999984 0.0000000 8.9999988 8.9999988 8.9999990 8.9999988 8.9999990 8.9999988 8.9999989 8.9999983 8.9999987 8.9999987 8.9999983 8.9999989 8.9096738 8.9999984 8.9999988 8.7331091 8.9999982 8.9999982 8.9999986 8.9999989 8.9999990 8.5985479 8.9999990 8.9999982 8.9999985 8.9999981 8.9999980 8.9999983 8.9999988 8.9999983 8.9999987 8.9999986 8.9999987 8.9999987 8.9999989 8.9999988 8.9999989 8.9999986 8.9999987 8.9999988 8.9999983 8.9999984 8.9999987 8.9999982 8.9999988 8.9999982 8.9999985 8.9999986 8.9999989 8.9999987 8.9999990 8.9999983 8.9999990 8.9999986 8.9999983 8.9999983 8.9999990 8.9999984 8.9999987 8.9999988 8.9999983 8.9999985 8.9999982 8.9999980 8.9999981 8.9999985 8.9999982 8.9999989 8.9999982 8.9999989 8.9999983 8.9999981 8.9999989 8.9999989 8.9999983 8.9999981 8.9999986 8.9999987 8.9999982 8.9999989 8.9999988 8.9999981 8.9999986 8.9999989 8.9999989 8.9999984 8.9999986 8.9999983 8.9999986 8.9999986 8.9999982 8.9999988 8.9999989 8.9999983 8.9999982 8.9999985 
d_gig_g12741.t1          8.9999988 8.9999988 0.0000000 4.5067200 3.2948240 3.4422465 3.3295948 3.5776821 4.3673488 3.9802377 3.7719830 8.9999984 8.6578575 8.9999987 8.9999990 8.9480240 8.9999983 8.9999990 8.9999987 8.9499315 8.9999989 8.9999986 8.9999987 8.9999989 8.9999988 8.9999990 8.3225770 8.4997132 8.9999982 8.4767148 8.9999982 8.9999987 8.9999988 8.9999984 8.9999990 8.9999990 8.9999982 8.9999984 8.9999984 8.4502948 8.9999984 8.9999982 8.9999980 8.9999982 8.9999987 8.9999987 8.9999990 8.9999989 8.9999981 8.9999982 8.9999982 8.9999989 8.9999990 8.9999987 8.9999989 8.1987545 8.9999985 8.9999981 8.9999989 8.9343034 8.9432437 8.3785434 8.7677575 8.0348461 8.4333771 8.0599002 8.0820612 8.9999986 8.5664063 8.7147512 8.9999988 8.9999988 8.9999990 8.9999989 8.7221636 8.7561738 8.9999981 8.9999988 8.8527526 8.9999982 8.9999988 8.9999989 8.9999988 8.9999988 8.9999987 8.9999987 8.9999989 8.9999988 8.9999983 8.9831682 8.5897176 8.9999981 8.8334490 8.9999987 8.4189611 8.8714761 8.4560800 8.9174228 
Of_1176090797            6.6874145 8.9999988 4.5067200 0.0000000 8.9999989 1.0796856 3.9399649 3.3311329 5.3304517 5.1991743 7.4007708 8.9999987 7.7094839 8.9739015 8.9999990 8.9999989 8.9999985 8.9437252 8.9999988 8.9999989 8.9809672 8.9999989 8.9999988 8.9999986 8.9999987 8.9999983 8.6050197 8.9999986 8.6593308 8.4349610 8.9999982 8.9999988 7.1692525 8.9999989 6.0073417 7.2982106 8.9999989 7.7723465 7.7821746 6.8429457 7.6282415 8.4435032 8.9999983 8.9999981 8.9999983 8.9999989 7.2166747 8.9999981 8.9999990 8.9999983 9.0000000 8.9999988 8.9999989 7.2165619 8.9999982 6.3543482 8.9999986 8.9999988 8.9999989 7.7177985 8.9999985 8.9395396 8.9999981 8.9999989 8.9999982 8.9999988 8.9999986 8.9999989 8.9999989 8.2099347 8.1484422 8.9999981 8.9999981 8.9999981 6.0333829 7.8808531 8.9999989 8.9999990 8.6009719 8.9999983 8.9999982 8.9999984 8.9999988 8.9999986 8.9999987 8.8658455 8.9999985 8.9999980 8.9999980 7.6033873 8.9999983 7.4323035 8.0678971 7.0427084 6.5994471 6.1840497 8.1071074 7.5315389 
Of_1176072233            8.9999990 8.9999990 3.2948240 8.9999989 0.0000000 0.5677364 2.0991219 2.7350749 4.2838097 3.1318020 3.1143811 8.9999983 8.9999990 8.9999987 8.6623686 8.9999989 8.9999990 8.9999987 8.9999985 8.9999988 8.9999987 8.9999988 8.9999982 8.9999986 8.9999982 8.9999988 8.9999989 8.8624577 8.9999983 8.9999982 8.9999987 8.9999985 8.9999985 8.9999981 8.9999990 8.9999986 8.9999989 8.9999986 8.9999983 8.9999983 8.9999981 8.9999988 8.9999982 8.9999985 8.9999988 8.9999988 8.9999990 8.9999982 8.9999981 8.9999988 8.9999989 8.9999983 8.9999981 8.9999984 8.9999986 8.9999987 8.9999988 8.9999984 8.9999981 8.9999983 8.9999983 8.9999983 8.9999987 8.8309841 8.9999987 8.9999982 8.9999989 8.9999981 8.5340024 8.1264220 8.9999982 8.9999985 8.9999986 8.9999981 8.7934855 8.9999982 8.9999986 8.9999987 8.9999990 8.9999980 8.9999990 8.9999990 8.9999987 8.9999980 8.7033018 8.9999988 8.9999987 8.9999990 8.9999984 8.9999981 8.9999990 8.2091899 8.1106496 8.8516141 7.9656453 8.8281507 8.9999985 8.2896523 
Pd_XP_027054066.1        8.9999990 8.9999988 3.4422465 1.0796856 0.5677364 0.0000000 2.4524867 2.7263842 4.4283409 3.7357532 3.7226587 8.9999982 8.9999985 8.9999986 8.9999986 8.9999989 8.9999988 8.9999987 8.9999989 8.9999988 8.9999987 8.9999987 8.9999980 8.9999987 8.9999984 8.9999987 8.9999980 8.1945559 8.9999990 8.9999983 8.9999984 8.9999983 8.9999982 8.9999981 8.9999981 8.9999983 8.9999985 8.9999989 8.9999982 8.9999985 8.9999990 8.9999987 8.9999981 8.9999984 8.9999983 8.9999981 8.4049293 8.9999983 8.9999989 8.9999981 8.9999981 8.9999982 8.9999984 8.9999982 8.9999988 8.5406964 8.9999984 8.9999989 8.9999989 8.9999985 8.9999982 8.8846292 8.9999986 8.8968961 8.9999985 8.9999984 8.9999981 8.9999987 8.4259238 7.0873750 8.9999989 8.9999981 8.9999983 8.9999989 7.9578339 8.2328312 8.9999990 8.9999982 8.9999988 8.9999988 8.9999984 8.9999981 8.9999987 8.9999982 8.9999989 8.9999981 8.9999981 8.9999982 8.9999985 8.9999981 8.5122449 7.4009542 7.2672568 8.0377910 7.1342613 7.6780232 7.6109979 7.5632921 
Ep_XP_020906385.1        8.9999989 8.9999990 3.3295948 3.9399649 2.0991219 2.4524867 0.0000000 1.9836043 3.9017196 3.4862973 3.5236596 8.9999989 8.9999987 8.9999983 8.9999982 8.9999981 8.9999987 8.9999986 8.9999987 8.9999984 8.9999986 8.9999989 8.9999988 8.9999981 8.9999987 8.9999989 8.6491538 8.7811900 8.9999986 8.9045746 8.7939911 8.9999989 8.9999988 8.9999987 8.9999988 8.9999989 8.9999985 8.9999981 8.9999987 8.7932382 8.9999986 8.9999981 8.9999988 8.9999985 8.9999985 8.9999982 8.9999983 8.9999990 8.9999982 8.9999985 8.9999987 8.9999983 8.9999980 8.9999983 8.9999984 8.8063056 8.9999983 8.9999981 8.9999985 8.9999988 8.9999982 8.4885991 8.9999988 8.6720007 8.8918809 8.7540092 8.8083659 8.9999987 8.7395351 7.0872609 8.9999981 8.9999989 8.9999984 8.9999981 8.2448976 8.2676306 8.9999988 8.9999981 8.8279223 8.9999983 8.9999982 8.9999987 8.9999990 8.9999988 8.9999984 8.8151286 8.9999981 8.9999982 8.9999989 8.8225129 8.9999988 7.2171326 7.7090026 7.8895598 7.5222245 7.6703663 7.8181555 7.9668236 
Nv_NVE1464               8.9999989 8.9999988 3.5776821 3.3311329 2.7350749 2.7263842 1.9836043 0.0000000 3.5386097 3.4208193 3.9555079 8.7420424 8.3864978 8.1283276 7.5290315 8.7560642 7.9763706 7.7117760 7.9890728 8.0216757 8.4361788 8.9999985 8.9999988 8.9999986 8.8650811 8.1706033 7.1436023 6.6644807 7.8644226 7.7485729 8.5144558 8.9999986 7.2150907 7.6024994 6.4591289 7.2447943 8.9999988 8.4179866 7.5391678 7.0827403 7.5994809 8.0370698 8.9999982 8.9999987 8.9999982 8.9999987 8.0041027 8.9999982 8.3036331 8.9999983 7.9268829 8.9999989 8.9999983 8.8857392 8.9999985 7.9228927 8.9440737 8.7594600 8.9999986 7.2267652 7.8333612 8.4640272 8.3428017 7.5734259 8.5645361 7.7683917 7.4722833 8.9999988 8.9999989 7.7962192 8.9999989 8.9999984 8.9999990 8.9999989 7.7670904 8.8731344 8.9999987 8.9999986 7.4470622 8.9999990 8.9999989 8.9999989 8.9999983 8.9999984 8.2416726 8.9999986 8.9999989 8.9999988 8.8247971 7.4933781 8.9999990 6.4143553 6.3572954 7.0949270 6.6775953 6.9572216 7.3800042 7.5418186 
c_hem_XLOC_044658        8.9999980 8.9999989 4.3673488 5.3304517 4.2838097 4.4283409 3.9017196 3.5386097 0.0000000 3.2762925 3.2178112 8.9999989 8.9999985 8.9999980 8.9999987 8.9999987 8.9999985 8.9999986 8.9999989 8.9999984 8.9999988 8.9999987 8.9999983 8.9999986 8.9999988 8.9999988 8.9999984 8.9574089 8.9999988 8.9999988 8.9999981 8.9999990 8.9999988 8.9999989 8.9999988 8.9999989 8.9999989 8.9999981 8.9999987 8.9999982 8.9999986 8.9999984 8.9999983 8.9999988 8.9999987 8.9999981 8.3120976 8.9999985 8.9999986 8.9999985 8.9999989 8.9999989 8.9999987 8.9999985 8.9999988 8.9999990 8.9999980 8.9999990 8.9999987 8.9999989 8.5233077 8.5426893 8.4596302 7.6362417 7.0308448 7.8701712 7.9443459 8.9999984 8.9999986 8.1192189 8.9999990 8.9999985 8.9999990 8.9999989 8.8658364 8.6339886 8.9999986 8.9999989 8.9999980 8.9999980 8.9999986 8.9999987 8.9999987 8.9999980 8.7090516 8.2848189 8.9999990 8.9999989 8.9999987 8.9999985 8.4269331 7.7619020 7.8934262 8.9999990 8.4271553 8.9689966 8.5393723 8.9999989 
m_vir_scaffold96.g23.t1  8.9999982 8.9999983 3.9802377 5.1991743 3.1318020 3.7357532 3.4862973 3.4208193 3.2762925 0.0000000 2.3532349 8.9999980 8.9999985 8.9999984 8.6895941 8.9999989 8.9999981 8.9999990 8.9999989 8.9999987 8.9999981 8.9999989 8.9999989 8.9999985 8.9999988 8.9999986 8.9999987 7.6225089 8.9999983 8.9999985 8.7637411 8.9999990 8.9999982 8.9999989 8.9999990 8.9999989 8.9999980 8.9999988 8.9999983 8.9999989 8.9999985 8.9999987 8.9999981 8.9999986 8.9999987 8.9999981 8.9999989 8.9999981 8.9999982 8.9999982 8.9999989 8.9999988 8.9999981 8.9999986 8.9999983 8.9135355 8.9999984 8.9999990 8.9999983 8.9999987 8.9999988 8.9999984 8.9999986 8.8466110 8.4779465 8.8608441 8.9999989 8.9999982 8.7880548 8.0915267 8.9999988 8.9999990 8.9999984 8.9999981 8.9644401 8.6938986 8.9999990 8.9999988 8.9612206 8.9999981 8.9999990 8.9999988 8.9999983 8.9999990 8.9999988 8.9999987 8.9999989 8.9999986 8.9999981 8.9999987 8.9999988 7.9182827 8.1734063 8.2960088 8.2982939 8.4979125 7.7261732 8.9999985 
a_aur_scaffold105.g21.t1 8.9999989 8.9999987 3.7719830 7.4007708 3.1143811 3.7226587 3.5236596 3.9555079 3.2178112 2.3532349 0.0000000 8.9999986 8.9999982 8.9999982 8.9999990 8.9999987 8.9999983 8.9999985 8.9999986 8.9999989 8.9999987 8.9999981 8.9999986 8.9999981 8.9999983 8.9999988 8.9999986 8.5576980 8.9999982 8.9999987 8.9999987 8.9999985 8.9999989 8.9999984 8.9999985 8.9999985 8.9999984 8.9999983 8.9999987 8.9999984 8.9999989 8.9999988 8.9999981 8.9999988 8.9999989 8.9999982 8.9999986 8.9999980 8.9999982 8.9999986 8.9999989 8.9999980 8.9999989 8.9999983 8.9999982 8.9999984 8.9999990 8.9999987 8.9999988 8.9999990 8.9999990 8.9999984 8.9999982 8.9999981 8.9999986 8.9999983 8.9999987 8.9999983 8.9999981 8.3240913 8.9999990 8.9999990 8.9999988 8.9999982 8.1134777 8.9999981 8.9999981 8.9999982 8.9999988 8.9999982 8.9999980 8.9999985 8.9999980 8.9999983 8.9999988 8.9999981 8.9999989 8.9999990 8.9999989 8.9999986 8.9999988 8.4932352 8.7837450 8.9999984 8.3427260 8.9999987 8.4121064 8.9999987 
c_hem_XLOC_017925        8.7814584 8.9999987 8.9999984 8.9999987 8.9999983 8.9999982 8.9999989 8.7420424 8.9999989 8.9999980 8.9999986 0.0000000 4.2272322 6.3236722 5.8721205 6.2138889 6.4203756 5.6223851 6.1898858 6.0958808 5.9985218 6.0386740 5.6176051 6.5739510 6.2505710 5.7224380 5.3776283 5.4833445 5.5886796 5.7386324 7.9564469 8.9999986 8.9999987 8.9999982 8.8055375 8.9999989 8.9999981 8.9999982 8.9999989 8.9999982 8.3911729 8.9999989 8.9999984 8.9999983 8.9999989 8.9999981 8.9999989 8.9999982 8.9591644 8.9999985 8.9999983 8.9999984 8.9999989 8.9999986 8.8546767 8.5451479 8.3432500 8.8094905 8.6548839 8.9999989 8.5403380 8.9999988 8.9760105 8.5375224 8.9999988 8.8231752 8.9999990 8.9999986 8.9186708 8.6588105 8.9999983 8.9999990 8.9999985 8.9999988 8.0663378 8.2605285 8.9999982 8.9999990 7.9872149 8.9999982 8.9999982 8.9999988 8.8733546 8.9999987 7.4217662 7.4664858 8.9999990 8.9999984 8.9999982 8.9175735 8.7795393 8.2292456 8.9502198 8.1503937 8.0981878 8.5435688 7.4023390 8.2297793 
Hv_828225342             8.3365966 8.9999983 8.6578575 7.7094839 8.9999990 8.9999985 8.9999987 8.3864978 8.9999985 8.9999985 8.9999982 4.2272322 0.0000000 6.4410645 5.6133476 5.7450657 4.9485486 5.5215221 5.2864792 5.0099718 5.5366424 6.2195116 5.4966419 6.7297128 5.2528650 5.2325624 5.0796759 5.1064158 5.7291557 5.3488262 8.7156786 8.9999984 8.9999984 8.9999989 8.3411790 8.9999990 8.9999990 8.6420500 8.7322314 7.8629763 7.9213875 8.5153626 8.9999983 8.9999989 8.9999981 8.9999990 8.2031950 8.1960101 8.4314500 8.9999990 8.9999982 8.9977065 8.9999987 8.9999984 8.0266565 8.2693967 8.8836346 7.0393433 7.6044187 8.9999987 7.5905281 7.7243243 7.4620430 7.2921645 7.7943704 7.4278636 7.4813316 8.6776034 7.5861940 7.4742627 8.9999983 8.9999987 8.9999989 8.9182418 7.8830454 8.1392957 8.9999987 8.8489435 7.5922736 8.9336667 8.9999982 8.9999986 8.9999988 8.9999983 7.6635130 7.6686110 8.9999990 8.9999984 8.9999982 8.9999985 8.4045384 8.1904465 8.7433202 7.7650709 7.2069077 7.5503372 7.4972101 7.0551538 
Dm_Notum                 4.2892445 8.9999989 8.9999987 8.9739015 8.9999987 8.9999986 8.9999983 8.1283276 8.9999980 8.9999984 8.9999982 6.3236722 6.4410645 0.0000000 4.1305806 6.1450301 4.3780699 4.1364192 4.0018438 3.2566314 3.4517422 3.8368915 5.5824899 5.2456191 5.2457997 5.3928998 4.8992651 5.4536906 4.3977238 4.8122568 7.7250638 8.9999980 8.9999981 8.9999990 8.9999984 8.9999986 8.9999990 8.9999985 8.9999989 8.9999989 8.1924609 8.9999987 8.9999990 8.9999990 8.9999982 8.9999987 8.9999987 8.9999986 8.9999988 8.9999981 8.8609564 8.9999987 8.9999984 8.9999983 8.9999982 8.2118844 8.9999981 8.9999987 8.9999984 8.9999982 8.9999981 8.9999987 8.2159475 8.1762453 8.9999987 8.1593385 8.6048796 8.9999988 8.7466206 8.0160602 8.9999985 8.9999984 8.9999988 8.9999984 8.0179875 7.5590972 8.9999986 8.9999982 8.3851470 8.9999990 8.9999988 8.9999988 8.9999985 8.8514220 8.1031115 8.9999987 8.9999986 8.9999989 8.9999990 8.9999980 8.9999990 8.2504462 8.7253683 8.2043571 8.1665357 8.8384178 7.1653250 7.3296706 
Sk_269784925             3.7614042 8.9096738 8.9999990 8.9999990 8.6623686 8.9999986 8.9999982 7.5290315 8.9999987 8.6895941 8.9999990 5.8721205 5.6133476 4.1305806 0.0000000 3.2348878 3.5401830 3.6116837 3.3521111 2.8231887 2.4593084 2.7251172 4.9541151 3.7633714 4.6034146 4.4261918 4.2872658 4.2488983 4.0626659 4.3056250 7.7377687 8.9999982 8.9999987 8.9999981 8.9999988 8.9999990 8.9999987 8.9999980 8.9999983 8.9999988 7.3982066 8.9999989 8.9999981 8.9999984 8.9999984 8.9999980 8.9999982 8.9999990 8.9999987 8.9999989 8.9999985 8.9999980 8.9999983 8.9999980 8.9999990 8.3915114 8.9999989 8.9999983 8.9999988 8.9999981 8.9839041 8.7091057 8.9745173 8.4706305 8.9999987 8.4148318 8.4124795 8.9999985 7.2397311 6.8340652 8.9999986 8.9999989 8.9999985 8.9999988 8.1740990 7.5346956 8.9999986 8.9999985 8.1909360 8.9999980 8.9999982 8.5902540 8.9999988 8.9999980 7.9398049 7.9537163 8.9999981 8.9999987 8.9999989 8.9701739 8.8229730 8.4081269 8.2340902 8.3177153 7.5349594 7.9470484 6.5066644 7.4698372 
Sp_780014582             5.7927034 8.9999984 8.9480240 8.9999989 8.9999989 8.9999989 8.9999981 8.7560642 8.9999987 8.9999989 8.9999987 6.2138889 5.7450657 6.1450301 3.2348878 0.0000000 4.8917950 4.3935691 4.6317270 3.4422138 3.6457705 3.7741679 5.1735183 4.7708974 5.2146153 5.0404524 4.3717492 4.3975400 4.6006949 4.6601761 7.9024464 8.9999982 8.9999985 8.9999989 8.9999988 8.9999988 8.9999983 8.9999988 8.9999990 8.9999987 7.5871958 8.9999988 8.9999984 8.9999985 8.9999985 8.9999990 8.9999985 8.9999989 8.9999985 8.9999985 8.9999988 8.9999990 8.9999989 8.9999985 8.9999982 8.9999988 8.9999987 8.9999987 8.9999988 8.9999988 8.9999981 8.9999984 8.8629351 8.8401705 8.9999989 8.6216598 8.8982845 8.9999981 7.8121790 7.8731335 8.9999980 8.9999983 8.9999989 8.9999982 8.8944836 8.1538564 8.9999988 8.9999981 8.1397051 8.9999986 8.9999987 8.9999988 8.9999986 8.9999981 8.3975072 8.9999981 8.9999985 8.9999987 8.9999985 8.9999989 8.9999988 8.1020222 8.9999987 7.9103961 7.6899792 8.1864887 8.1133014 8.3501541 
Cg_762161189             5.1281377 8.9999988 8.9999983 8.9999985 8.9999990 8.9999988 8.9999987 7.9763706 8.9999985 8.9999981 8.9999983 6.4203756 4.9485486 4.3780699 3.5401830 4.8917950 0.0000000 3.3247764 3.2753252 2.7288759 3.0007252 3.3083160 5.5987197 5.0238728 5.4965964 5.2616855 4.3980540 5.0461921 3.8753840 4.6804314 8.4585963 8.9999983 8.9999990 8.9999986 8.9999990 8.9999989 8.9999990 8.9999982 8.9999985 8.9999989 7.0385374 8.9999985 8.9999981 8.9999982 8.9999990 8.9999982 8.9999988 8.9999980 8.9999986 8.9999989 8.9999984 8.9999988 8.9999983 8.9999985 8.9999985 8.9999984 8.9999983 8.9999982 8.9999987 8.9999989 8.5718199 8.9999990 8.7112581 8.4683796 8.2023324 8.6213466 8.8232788 8.9999987 8.1721997 8.0650114 8.9999988 8.9999990 8.9999988 8.9999987 8.7521639 8.9999984 8.9999984 8.9999987 8.9999986 8.9999987 8.9999987 8.9999989 8.9999982 8.9999989 8.2514191 8.9999985 8.9999982 8.9999985 8.9999989 8.9999990 8.9999981 8.2543687 8.6611235 8.1635057 8.6327036 8.8967418 7.4678167 8.9999986 
Pa_g11818.t1             3.9362866 8.7331091 8.9999990 8.9437252 8.9999987 8.9999987 8.9999986 7.7117760 8.9999986 8.9999990 8.9999985 5.6223851 5.5215221 4.1364192 3.6116837 4.3935691 3.3247764 0.0000000 2.4834482 2.1042025 2.8089324 3.1203720 5.0262815 4.6361244 5.6317207 5.1205224 4.3560307 5.0603342 3.6346981 4.5693882 8.1573011 8.9999985 8.9999981 8.9999989 8.9999990 8.9999989 8.9999984 8.9999980 8.9999982 8.9999986 8.0420485 8.9999986 8.9999989 8.9999986 8.9999986 8.9999985 8.9999986 8.7913971 8.1666323 8.8937219 8.8490015 8.9999982 8.9999989 8.9999987 8.9999987 7.1902527 8.3962312 8.1187139 7.7163039 8.9999981 7.8087360 7.6114928 7.5168197 6.7618420 7.8126501 7.0392743 7.1189370 8.9418875 6.9888636 6.5709516 8.1513706 8.9999986 8.9999984 8.7146772 7.4090535 7.4166521 8.9999987 8.9999983 7.0335549 8.0077846 8.1208389 7.8047965 7.7249604 8.1282184 6.8543169 8.0543774 8.9999988 8.9999990 8.9999981 8.2478121 7.9923023 7.3295942 7.8792179 6.6137853 6.2670153 7.2751220 6.5545121 7.2456122 
La_919081898             3.7501819 8.9999982 8.9999987 8.9999988 8.9999985 8.9999989 8.9999987 7.9890728 8.9999989 8.9999989 8.9999986 6.1898858 5.2864792 4.0018438 3.3521111 4.6317270 3.2753252 2.4834482 0.0000000 2.0419872 2.8806063 3.4275220 4.8475272 4.7467493 5.2305960 5.2218090 4.5203328 4.5444476 4.0110386 4.5321131 7.6650439 8.9999980 8.9999985 8.9999988 8.9999983 8.9999987 8.9999988 8.9999989 8.9999985 8.9999988 7.5533445 8.9999989 8.9999981 8.9999983 8.9999989 8.9999984 8.9999983 8.9999988 8.8952002 8.9999989 8.9999989 8.9999989 8.9999988 8.9999982 8.9999980 8.4910862 8.9999989 8.9999988 8.9999990 8.9999989 8.3392874 8.4585387 8.3971206 7.9050506 8.4786420 8.2303630 8.3245923 8.9999986 7.9658390 7.6286779 8.9999988 8.9999990 8.9999990 8.9999990 7.8422536 7.6322812 8.9999983 8.9999982 7.1812255 8.0832511 8.9999985 8.9999988 8.6351035 8.9744164 7.4730660 8.9320413 8.9999981 8.9999988 8.9999990 8.4483858 8.9999988 7.5497885 8.4796704 7.7567289 7.2232095 7.8908548 6.2262421 7.9497642 
Ct_ELT91091.1            3.0287869 8.9999982 8.9499315 8.9999989 8.9999988 8.9999988 8.9999984 8.0216757 8.9999984 8.9999987 8.9999989 6.0958808 5.0099718 3.2566314 2.8231887 3.4422138 2.7288759 2.1042025 2.0419872 0.0000000 2.4072132 2.7412575 4.6183244 3.8477852 5.0033676 5.0008711 4.3961695 4.9030925 4.5203433 4.2249745 7.5500213 8.9999990 8.9999986 8.2001443 8.9999987 8.6519963 8.9821402 8.4400242 8.6862724 8.8518910 6.5938421 8.7061451 8.9999989 8.9999990 8.9999986 8.9999989 8.9999983 8.9999987 8.9929772 8.9999988 8.9999988 8.9999988 8.9999990 8.9999989 8.9999985 8.7135633 8.9999988 8.7728825 8.6325823 8.9999987 7.2694480 8.4414271 8.7035169 8.2980096 8.5944601 8.5319083 8.3406495 8.3164664 7.8484502 7.3574559 8.9999987 8.9999990 8.9999988 8.9227493 7.9033396 7.3579036 8.9999984 8.9999987 7.8188660 8.9935856 8.9999988 8.5711142 7.9290846 8.2290983 7.9785506 8.7329364 8.9999981 8.9999988 8.9999982 8.9999986 8.8521851 8.1273942 8.8403792 8.3205815 7.9734005 8.1778530 6.5391253 8.0404850 
Bf_XP_002599183.1        3.5669452 8.9999986 8.9999989 8.9809672 8.9999987 8.9999987 8.9999986 8.4361788 8.9999988 8.9999981 8.9999987 5.9985218 5.5366424 3.4517422 2.4593084 3.6457705 3.0007252 2.8089324 2.8806063 2.4072132 0.0000000 2.2806661 4.6874941 3.9515923 4.8658404 4.4930323 4.1171148 4.2916166 3.9726133 3.7509835 7.3102564 8.9999982 8.9999987 8.9999980 8.6735899 8.9999989 8.9999988 8.2279068 8.5124955 8.9999987 7.2548555 8.8591109 8.9999980 8.9999982 8.9999988 8.9999981 8.9999982 8.9999983 8.9999989 8.9999987 8.9999985 8.9999989 8.9999989 8.9999987 8.9999990 8.4828939 8.9999983 8.9999980 8.9999981 8.9999980 8.1421096 8.9774014 8.9999989 8.9999990 8.9999989 8.9999980 8.8425899 8.5835691 8.6284730 7.5180719 8.9999988 8.9999986 8.9999982 8.9999981 8.4619920 7.6518156 8.9999981 8.9999983 7.9293192 8.9999986 8.9999986 8.9999985 8.9999985 8.9999983 8.1731917 8.9999981 8.9999981 8.9999985 8.9999987 8.9999989 8.9999987 8.4032982 8.6980073 8.0261749 7.3768188 7.8620555 7.5249852 8.4182779 
Hs_NOTUM                 4.4574805 8.9999989 8.9999986 8.9999989 8.9999988 8.9999987 8.9999989 8.9999985 8.9999987 8.9999989 8.9999981 6.0386740 6.2195116 3.8368915 2.7251172 3.7741679 3.3083160 3.1203720 3.4275220 2.7412575 2.2806661 0.0000000 4.6916891 3.8632359 4.6791440 4.6611092 4.3199010 4.7059236 3.6118690 3.7568025 7.8280195 8.9999987 8.9999988 8.6936815 8.9361940 8.9999987 8.9999987 8.9999982 8.3686423 8.9999989 7.1786459 8.9999985 8.9999989 8.9999988 8.9999982 8.9999987 8.9999988 8.9999990 8.9999982 8.9999984 8.9999986 8.9999981 8.9999983 8.9999987 8.9999988 8.8212717 8.9999987 8.7161696 8.9999983 8.9999990 8.7371429 8.9999981 8.9999985 8.6973956 8.9999986 8.9999986 8.4547469 8.9999988 8.0762868 8.3633086 8.9999988 8.9999989 8.9999985 8.9999988 8.9999980 8.1917422 8.9999989 8.9999987 8.4286172 8.9999985 8.9999987 8.9999982 8.9999981 8.9999988 8.4113455 8.9999990 8.9999986 8.9999985 8.9999990 8.9999989 8.9999986 7.7689307 8.7532632 7.5496765 7.5217231 8.2070436 6.7456143 7.9868876 
a_aur_scaffold493.g5.t1  6.8238536 8.9999990 8.9999987 8.9999988 8.9999982 8.9999980 8.9999988 8.9999988 8.9999983 8.9999989 8.9999986 5.6176051 5.4966419 5.5824899 4.9541151 5.1735183 5.5987197 5.0262815 4.8475272 4.6183244 4.6874941 4.6916891 0.0000000 6.1405702 4.9202522 4.8863450 4.8724217 4.9590346 4.2743672 4.5117665 8.9999980 8.9999986 8.9999988 8.9999987 8.6990057 8.9999989 8.9999987 8.2214611 8.6994664 7.8217813 8.0245953 8.0709087 8.9999986 8.9999982 8.9999990 8.9999989 8.9999988 8.9085474 8.5952886 8.9999981 8.9999987 8.9999987 8.9999981 8.9999984 8.9999983 7.9923574 8.9999986 8.6954319 8.8870712 8.9999987 8.5430072 8.9999982 8.4644785 8.6223048 7.7145568 8.7364116 8.8361349 8.9999986 7.0242955 8.2875808 8.9999982 8.9999990 8.9999989 8.9999984 8.8967692 7.2228859 8.9999984 8.9999983 8.5645269 8.9999986 8.9999987 8.9999982 8.8078912 8.8439076 7.8181344 8.4853906 8.9999990 8.9999986 8.9999988 8.3203316 8.9999988 8.9999988 8.9999984 8.9999981 8.9999989 8.9999989 6.8611949 8.9447121 
Xb_g3677.t1              4.9671845 8.5985479 8.9999989 8.9999986 8.9999986 8.9999987 8.9999981 8.9999986 8.9999986 8.9999985 8.9999981 6.5739510 6.7297128 5.2456191 3.7633714 4.7708974 5.0238728 4.6361244 4.7467493 3.8477852 3.9515923 3.8632359 6.1405702 0.0000000 5.7923957 5.9545517 5.0626821 5.5324629 4.5833816 4.7738589 8.9999988 8.9999989 8.9999981 8.9999983 8.9999986 8.9999980 8.9999982 8.9999981 8.9999982 8.9999981 8.0827756 8.9999987 8.9999989 8.9999990 8.9999985 8.9999984 8.9999990 8.9999988 8.9999990 8.9999986 8.9999983 8.9999980 8.9999988 8.9999980 8.9999987 8.9999985 8.9999981 8.9999981 8.9999981 8.9999984 8.9999984 8.9999987 8.9999988 8.9999990 8.9999983 8.9999983 8.9999983 8.9999982 8.9999989 8.8009564 8.6428688 8.9999982 8.9999989 8.9999988 8.9999983 8.9999989 8.9999984 8.9999985 8.9999988 8.9999986 8.9999984 8.9999980 8.9999983 8.9999989 8.9999986 8.9999990 8.9999987 8.9999987 8.9999985 8.9999987 8.9999983 8.9999988 8.9999985 8.9999987 8.9999988 8.9999982 8.9999987 8.9999987 
m_vir_scaffold286.g18.t1 7.9497745 8.9999990 8.9999988 8.9999987 8.9999982 8.9999984 8.9999987 8.8650811 8.9999988 8.9999988 8.9999983 6.2505710 5.2528650 5.2457997 4.6034146 5.2146153 5.4965964 5.6317207 5.2305960 5.0033676 4.8658404 4.6791440 4.9202522 5.7923957 0.0000000 4.5626053 4.6680721 4.7411798 4.3470479 4.2700340 8.1274943 8.9999989 8.9999985 8.9999989 8.9999987 8.9999988 8.9999986 8.9999981 8.9999989 8.9999983 8.4069868 8.9999987 8.9999989 8.9999982 8.9999989 8.9999982 8.9999982 8.2847822 8.4781725 8.9999984 8.9999981 8.9999984 8.9999981 8.9999990 8.9999985 8.9999988 8.9999983 8.8368100 8.7675389 8.9999989 8.3972196 8.9999990 8.9999989 8.8009132 8.4015111 8.2798909 8.7172659 8.9999988 8.5249398 8.5545149 8.9999988 8.9999987 8.9999988 8.9999988 7.5783136 7.6537738 8.9999988 8.9999989 8.4998029 8.9999989 8.9999989 8.9999982 8.9999980 8.9999982 7.7181625 8.8363725 8.9999985 8.9999989 8.9999982 8.9999981 8.9999986 8.5407999 8.8162914 7.6283882 8.6367327 8.8442654 8.3606105 7.9961202 
d_gig_g110.t1            6.5036505 8.9999982 8.9999990 8.9999983 8.9999988 8.9999987 8.9999989 8.1706033 8.9999988 8.9999986 8.9999988 5.7224380 5.2325624 5.3928998 4.4261918 5.0404524 5.2616855 5.1205224 5.2218090 5.0008711 4.4930323 4.6611092 4.8863450 5.9545517 4.5626053 0.0000000 4.1422169 4.5864216 3.8530179 4.2044554 8.0626102 8.9999988 8.9666088 8.9999982 8.7933632 8.9999990 8.9999988 8.9999988 8.8600876 8.9999988 8.9999990 8.9999983 8.9999981 8.9999984 8.9999982 8.9999983 8.9999984 8.9999988 8.9999983 8.9999984 8.9999983 8.9999982 8.9999990 8.9999983 8.9999988 8.6873588 8.9993995 8.0642240 8.4467807 8.9999988 7.6288446 8.8560964 8.4101937 8.1084874 8.5475878 8.6117380 8.1795517 8.9999983 7.7204025 7.6050791 8.9999980 8.9999986 8.9999990 8.9777551 8.0564521 8.1383817 8.9999982 8.9999983 8.0165546 8.9999989 8.9999985 8.5557762 8.8504542 8.2735623 8.1124346 8.4257964 8.9999989 8.9999989 8.9999990 8.9999986 8.9999984 7.7087176 8.1007017 7.5900510 7.3767899 7.9893099 8.0507407 7.6234077 
Of_1176098841            7.1819902 8.9999985 8.3225770 8.6050197 8.9999989 8.9999980 8.6491538 7.1436023 8.9999984 8.9999987 8.9999986 5.3776283 5.0796759 4.8992651 4.2872658 4.3717492 4.3980540 4.3560307 4.5203328 4.3961695 4.1171148 4.3199010 4.8724217 5.0626821 4.6680721 4.1422169 0.0000000 2.1857636 3.4369143 2.9259286 8.3442949 8.9999986 8.7121625 8.9999981 8.9999980 8.3186008 8.6048632 8.9999984 8.9999984 8.7176780 7.5153894 8.4405109 8.9999984 8.9999982 8.9999985 8.9999986 8.7454363 8.4076382 8.9999981 8.9999988 8.7899861 8.9999987 8.9999981 8.9999982 8.9999988 8.9999982 8.5577415 7.6770490 8.2658102 8.5561824 7.8219158 8.1218252 8.5279242 8.0605863 8.9999988 7.8333586 7.8699069 8.9999983 8.1700164 8.5931229 8.9999988 8.9999990 8.7669080 8.9999987 8.5721804 8.2473762 8.9999988 8.9999985 7.4474588 8.9999989 8.7119743 8.9999990 8.2786323 8.4203335 6.5329309 6.6144944 8.9999986 8.9806902 8.9999984 8.4848765 8.9999986 8.3147408 8.9999981 8.2057697 7.8111700 8.0510193 7.4386937 8.9999987 
Pd_XP_027051607.1        6.2501238 8.9999981 8.4997132 8.9999986 8.8624577 8.1945559 8.7811900 6.6644807 8.9574089 7.6225089 8.5576980 5.4833445 5.1064158 5.4536906 4.2488983 4.3975400 5.0461921 5.0603342 4.5444476 4.9030925 4.2916166 4.7059236 4.9590346 5.5324629 4.7411798 4.5864216 2.1857636 0.0000000 3.5757482 3.0870596 8.3647633 8.9999987 7.9939373 8.9999987 8.7534644 8.6176040 8.3824631 8.9999989 8.8185657 8.9999987 7.8634939 8.9592789 8.9999990 8.9999989 8.9999980 8.9999988 7.7786848 7.9293322 8.9413834 8.9999989 8.4046285 8.9999988 8.9999983 8.9999982 8.9999985 8.2564868 7.7012899 6.9749914 7.7903829 8.5878285 6.9198834 8.0304269 7.4501121 7.0911909 8.8350303 6.8208277 7.0632033 8.9999981 7.8438692 7.8781056 8.9999985 8.9999989 8.1762109 8.4483274 7.5275213 7.1452795 8.5378999 8.9999983 7.4367562 8.6724398 8.9999985 8.5622826 7.1698081 7.8201460 6.3758183 7.5802998 8.9999988 8.5349329 8.1998800 7.8019971 8.6748969 7.5817309 7.9418070 8.0120679 7.3713642 7.9468643 6.6575582 7.8667315 
Ep_XP_020912206.1        5.6121631 8.9999980 8.9999982 8.6593308 8.9999983 8.9999990 8.9999986 7.8644226 8.9999988 8.9999983 8.9999982 5.5886796 5.7291557 4.3977238 4.0626659 4.6006949 3.8753840 3.6346981 4.0110386 4.5203433 3.9726133 3.6118690 4.2743672 4.5833816 4.3470479 3.8530179 3.4369143 3.5757482 0.0000000 2.2143298 8.6039945 8.9999988 8.9999990 8.9999989 8.9999988 8.9999990 8.9999988 8.3460929 8.5084456 8.5782903 7.5616056 8.9999981 8.9999990 8.9999989 8.9999982 8.9999983 8.7718194 8.9999986 8.6852707 8.9999988 8.9999982 8.9999983 8.9999985 8.9999980 8.9999988 8.4553899 8.2720733 8.8314602 8.9999989 8.9999989 8.3522667 8.4801230 8.9999984 7.9435434 8.0504433 8.6483303 8.2001241 8.9999983 7.2560975 7.6807835 8.9999989 8.9999985 8.8721319 8.9999988 7.9911498 8.6855178 8.9999980 8.9999981 7.9897880 8.6447598 8.9999982 7.3469937 8.1670172 8.0712495 7.3327543 6.4656801 8.9999980 8.9999990 8.9999981 8.8829695 8.5179458 8.6915085 8.9999988 8.1471639 8.2309640 8.4864861 7.6124100 8.7877248 
Nv_NVE7485               6.3993314 8.9999983 8.4767148 8.4349610 8.9999982 8.9999983 8.9045746 7.7485729 8.9999988 8.9999985 8.9999987 5.7386324 5.3488262 4.8122568 4.3056250 4.6601761 4.6804314 4.5693882 4.5321131 4.2249745 3.7509835 3.7568025 4.5117665 4.7738589 4.2700340 4.2044554 2.9259286 3.0870596 2.2143298 0.0000000 8.2256320 8.9999989 8.9999989 8.9999981 7.6402123 8.9999990 8.9999984 8.9999986 8.8938264 8.9999984 7.8715871 8.4091607 8.9999984 8.9999987 8.9999988 8.9999983 8.6135975 8.2073938 8.9999988 8.9999988 8.9999982 8.9999986 8.9999981 8.9999990 8.9999984 7.7760019 7.8454531 8.3747146 8.8889029 8.9999986 8.9999982 8.6115215 8.9999989 8.9999987 8.9999988 8.9999984 8.9999987 8.9999990 8.1746817 7.9368679 8.9495920 8.9999988 8.9999981 8.9485525 8.5059863 7.9155397 8.9999981 8.9922060 7.9863114 8.9999982 8.9999988 8.9351150 8.3160085 8.3506595 7.4014555 7.3419888 8.9999980 8.9999990 8.9999989 8.8664632 8.9999983 8.3715387 8.9999983 8.3810675 7.8290871 8.5288751 8.5784127 8.9920714 
m_lei_ML06811a           8.9999990 8.9999988 8.9999982 8.9999982 8.9999987 8.9999984 8.7939911 8.5144558 8.9999981 8.7637411 8.9999987 7.9564469 8.7156786 7.7250638 7.7377687 7.9024464 8.4585963 8.1573011 7.6650439 7.5500213 7.3102564 7.8280195 8.9999980 8.9999988 8.1274943 8.0626102 8.3442949 8.3647633 8.6039945 8.2256320 0.0000000 7.6309733 7.0593311 6.3092906 6.2939107 6.1099774 7.7542536 7.1363528 6.6133419 4.8682304 5.7661830 4.9597782 8.9999987 8.9999984 8.9999990 8.9999988 8.9999986 8.9999980 8.9999989 8.9999984 8.9999986 8.9999986 8.9999985 8.9999990 8.9999982 8.9999989 8.9999982 8.9999988 8.9999984 8.9999982 8.9999985 8.9999983 8.9999981 8.9999985 8.9999989 8.9999981 8.9999987 7.7056288 8.9318218 7.4219858 8.9999985 8.9999982 8.9999990 8.9999985 8.9999987 8.9999989 8.9999989 8.9999986 8.9999981 8.9999987 8.9999989 8.9999989 8.9999988 8.9999985 8.9999989 8.9999981 8.9999990 8.9999990 8.9999990 8.9999988 8.9999990 8.9999985 8.9197246 8.9999194 8.9999986 8.9999989 8.6763752 8.8907422 
Aq_XP_011406129.2        8.9999982 8.9999983 8.9999987 8.9999988 8.9999985 8.9999983 8.9999989 8.9999986 8.9999990 8.9999990 8.9999985 8.9999986 8.9999984 8.9999980 8.9999982 8.9999982 8.9999983 8.9999985 8.9999980 8.9999990 8.9999982 8.9999987 8.9999986 8.9999989 8.9999989 8.9999988 8.9999986 8.9999987 8.9999988 8.9999989 7.6309733 0.0000000 7.8533620 7.6253968 7.5433041 5.7861088 8.9999989 6.7668483 6.4112723 6.7570124 5.5389210 7.0825118 8.9999986 8.9999989 8.9999981 8.9999986 8.9999981 8.9999990 8.9999982 8.9999990 8.9999981 8.9999985 8.9999989 8.9999983 8.9999986 8.9999989 8.9999980 8.9999980 8.9999982 8.9999980 8.9999987 8.9999988 8.9999983 8.9999984 8.9999988 8.9999989 8.9999989 8.9999989 8.9999982 8.3581989 8.9999986 8.9999985 8.9999983 8.9999983 8.7236983 7.7077630 8.9999986 8.9999984 8.9999982 8.9999989 8.9999988 8.9999981 8.9999988 8.9999987 8.9999989 8.6489520 8.9999985 8.9999989 8.9999986 8.9999988 8.6858523 8.9999987 8.9999984 8.3685651 7.9856983 8.9999982 6.6765507 7.8605151 
m_vir_scaffold277.g4.t1  8.9999987 8.9999987 8.9999988 7.1692525 8.9999985 8.9999982 8.9999988 7.2150907 8.9999988 8.9999982 8.9999989 8.9999987 8.9999984 8.9999981 8.9999987 8.9999985 8.9999990 8.9999981 8.9999985 8.9999986 8.9999987 8.9999988 8.9999988 8.9999981 8.9999985 8.9666088 8.7121625 7.9939373 8.9999990 8.9999989 7.0593311 7.8533620 0.0000000 5.5718297 5.4977784 5.0854395 8.9999989 7.3528107 6.7331883 6.5658994 5.0469262 6.5631915 8.9999981 8.9999984 8.9999983 8.9999985 7.0136101 8.9999989 8.9999985 8.9999982 8.9999987 8.9999985 8.9325330 8.9999982 8.7698033 8.9999986 8.9999985 8.9999990 8.9999982 8.9999982 8.9999985 8.9999989 8.9999990 8.9999980 8.9999982 8.9999982 8.9999989 8.9999986 8.7187164 8.9999984 8.9999983 8.9999980 8.9999990 8.8398404 8.9999990 8.9999989 8.9999983 8.9999985 8.9999990 8.9999982 8.9999982 8.9999981 8.9999990 8.9999985 7.9131419 7.6387049 8.9999990 8.9999990 8.9999982 8.9999988 7.9329647 8.9999988 8.9999980 8.9999984 8.9999984 8.9999983 7.8999660 8.9999985 
Hv_828224578             8.9999983 8.9999986 8.9999984 8.9999989 8.9999981 8.9999981 8.9999987 7.6024994 8.9999989 8.9999989 8.9999984 8.9999982 8.9999989 8.9999990 8.9999981 8.9999989 8.9999986 8.9999989 8.9999988 8.2001443 8.9999980 8.6936815 8.9999987 8.9999983 8.9999989 8.9999982 8.9999981 8.9999987 8.9999989 8.9999981 6.3092906 7.6253968 5.5718297 0.0000000 6.4578667 4.5206155 8.9999981 7.1168122 6.7456842 6.4376110 5.0793044 6.0772730 8.9999984 8.9999986 8.9999983 8.9999985 8.8194157 8.9999985 8.9999985 8.9999984 8.9999982 8.9999983 8.4908779 8.9999980 8.9999984 8.9999983 8.9999983 8.9999989 8.9999987 8.9999989 8.3174385 8.9999988 8.9999990 8.9999990 8.9999988 8.9999989 8.9999990 8.9999980 8.9999988 8.9999981 8.9999982 8.9999980 8.9999984 8.9999985 8.1522354 8.3709924 8.9999987 8.9999990 8.9999986 8.9999984 8.8397645 8.9999989 8.9999983 8.9999988 8.4037782 7.9099887 8.9999983 8.9999981 8.9999984 8.9999988 8.9999985 8.9999984 8.9999989 8.7739640 8.9999986 8.6527290 8.5081462 8.9270994 
c_hem_XLOC_003519        8.9999982 8.9999987 8.9999990 6.0073417 8.9999990 8.9999981 8.9999988 6.4591289 8.9999988 8.9999990 8.9999985 8.8055375 8.3411790 8.9999984 8.9999988 8.9999988 8.9999990 8.9999990 8.9999983 8.9999987 8.6735899 8.9361940 8.6990057 8.9999986 8.9999987 8.7933632 8.9999980 8.7534644 8.9999988 7.6402123 6.2939107 7.5433041 5.4977784 6.4578667 0.0000000 4.2571715 8.9999981 6.1424752 5.9185598 6.1282807 5.0008268 5.3461926 8.9999987 8.9999990 8.9999985 8.9999985 6.3985161 8.6832997 8.9999988 8.9999990 8.9999985 8.9999990 8.9999990 8.9999981 8.0709474 8.9999983 8.9999987 7.9246981 8.0956032 8.9999983 8.4438786 8.0599831 8.5556924 8.4822230 7.7680971 8.8065353 8.4155306 8.9999980 7.7667121 7.9097040 8.9999986 8.9999989 8.4181649 8.9999984 7.7790068 7.5438419 8.9999981 8.9999989 8.2977009 8.4888226 8.9999987 8.4803851 8.2266286 8.3506271 7.1146312 5.9546497 8.9999985 8.9999987 8.9999984 8.9999984 7.3328406 8.4786770 8.9999983 8.0786784 7.7902880 8.4746876 6.9726198 7.5047020 
a_aur_scaffold109.g50.t1 8.9999989 8.9999987 8.9999990 7.2982106 8.9999986 8.9999983 8.9999989 7.2447943 8.9999989 8.9999989 8.9999985 8.9999989 8.9999990 8.9999986 8.9999990 8.9999988 8.9999989 8.9999989 8.9999987 8.6519963 8.9999989 8.9999987 8.9999989 8.9999980 8.9999988 8.9999990 8.3186008 8.6176040 8.9999990 8.9999990 6.1099774 5.7861088 5.0854395 4.5206155 4.2571715 0.0000000 8.9999988 6.8271154 6.4420966 4.8290014 5.7712615 4.9543586 8.9999981 8.9999983 8.9999980 8.3083706 7.4767185 8.9999982 8.9999985 8.9999983 8.9999980 8.9999982 8.9999989 8.9999987 8.9999982 8.9999989 8.9999982 8.9999986 8.9999990 8.9999986 8.9415245 8.9999988 8.9999988 8.9999984 8.9999985 8.9999980 8.9999983 8.9999988 8.9999989 8.9999987 8.9999987 8.9999981 8.9999987 8.9999982 8.3366271 8.2889853 8.9999986 8.9999983 8.9999988 8.9999980 8.9999988 8.9999988 8.9999986 8.9999990 8.9999983 7.7588463 8.9999990 8.9999989 8.9999984 8.9999983 8.1058003 8.8781078 8.9999980 8.4962992 8.2859982 8.9999986 8.2736427 8.9721689 
Aq_XP_011403724.2        8.9999987 8.9999989 8.9999982 8.9999989 8.9999989 8.9999985 8.9999985 8.9999988 8.9999989 8.9999980 8.9999984 8.9999981 8.9999990 8.9999990 8.9999987 8.9999983 8.9999990 8.9999984 8.9999988 8.9821402 8.9999988 8.9999987 8.9999987 8.9999982 8.9999986 8.9999988 8.6048632 8.3824631 8.9999988 8.9999984 7.7542536 8.9999989 8.9999989 8.9999981 8.9999981 8.9999988 0.0000000 8.9999986 8.9999982 8.9999984 4.8201541 8.9999982 8.9999986 8.9999983 8.9999983 8.9999982 8.4281786 8.9999987 8.9999987 8.9999985 8.9999980 8.9999990 8.9999982 8.9999988 8.9999981 8.9999981 8.9999989 8.9999989 8.9999986 8.9999985 8.9999987 8.9999989 8.9999984 8.9999989 8.9999985 8.9999988 8.9999990 8.9999985 8.9999983 8.7631549 8.9999988 8.9999981 8.9999989 8.9999980 8.9999987 8.9999988 8.9999984 8.9999987 8.9999981 8.9999987 8.9999986 8.9999986 8.9999989 8.9999981 8.3577879 7.8127150 8.9999981 8.9999982 8.9999986 8.9999988 8.1508428 8.5768500 8.9999984 8.9639056 8.9999983 8.9999989 8.0099085 8.9999989 
Of_1176059555            8.9999984 8.9999988 8.9999984 7.7723465 8.9999986 8.9999989 8.9999981 8.4179866 8.9999981 8.9999988 8.9999983 8.9999982 8.6420500 8.9999985 8.9999980 8.9999988 8.9999982 8.9999980 8.9999989 8.4400242 8.2279068 8.9999982 8.2214611 8.9999981 8.9999981 8.9999988 8.9999984 8.9999989 8.3460929 8.9999986 7.1363528 6.7668483 7.3528107 7.1168122 6.1424752 6.8271154 8.9999986 0.0000000 1.5100874 4.8714397 4.0646930 4.7967978 8.9999988 8.9999987 8.9999989 8.9999983 8.6552286 8.9999983 8.9999983 8.9999989 8.9999981 8.9999983 8.6855525 8.9999987 8.9999984 8.9999982 8.9999989 8.1442137 8.9999988 8.9999989 8.9999985 8.9999980 8.9999989 8.9999981 8.8603713 8.9999986 8.9999981 8.9999987 8.9999990 8.8699098 8.9999986 8.9999984 8.9999988 8.9999987 8.1608816 8.9999990 8.9999985 8.9999990 8.9999981 8.9999988 8.9999990 8.6558327 8.9999981 8.9999982 8.3118823 7.5433378 8.9999982 8.9999982 8.9999988 8.9999985 8.6337929 8.9999982 8.9999987 8.9999990 8.9136876 8.9999989 7.4460813 8.9999988 
Pd_XP_027046156.1        8.9999989 8.9999989 8.9999984 7.7821746 8.9999983 8.9999982 8.9999987 7.5391678 8.9999987 8.9999983 8.9999987 8.9999989 8.7322314 8.9999989 8.9999983 8.9999990 8.9999985 8.9999982 8.9999985 8.6862724 8.5124955 8.3686423 8.6994664 8.9999982 8.9999989 8.8600876 8.9999984 8.8185657 8.5084456 8.8938264 6.6133419 6.4112723 6.7331883 6.7456842 5.9185598 6.4420966 8.9999982 1.5100874 0.0000000 4.7002207 4.3264367 4.7896850 8.9999981 8.9999988 8.9999982 8.9999984 8.1084253 8.9999982 8.9999987 8.9999989 8.9999986 8.9999985 8.8554805 8.9999990 8.9999986 8.9999982 8.9999985 8.9999990 8.9999989 8.9999990 8.9999988 8.9999980 8.9999988 8.9999985 8.5614620 8.9999990 8.9999989 8.9999990 8.9999988 8.9999982 8.9999987 8.9999983 8.9999988 8.9999988 8.9999983 8.9999986 8.9999981 8.9999986 8.9999988 8.9999981 8.9999989 8.9999981 8.9999984 8.9999984 8.9999983 7.5841194 8.9999985 8.9999984 8.9999990 8.9999985 7.4111237 8.9999988 8.9999989 8.9999987 8.9999990 8.9999988 7.2961268 8.9999988 
